0 1
1 2
1 9
1 4
1 6
1 1
1 7
1 6
1 8
1 45
1 89
1 76
1 89
1 74
1 51
1 13
1 60
1 70
1 255
1 13
1 18
1 189
1 130
1 16
1 81
1 25
1 147
1 145
1 224
1 145
1 110
1 824
1 536
1 428
1 801
1 227
1 1136
1 168
1 301
1 58
1 582
1 46
1 1084
1 415
1 1831
1 725
1 1800
1 35
1 28
1 1176
1 56
1 178
1 1816
1 2101
1 2519
1 459
1 859
1 1416
1 1518
1 57
1 697
1 92
1 746
1 1729
1 683
1 361
1 113
1 51
1 426
1 1340
1 2012
1 1231
1 1916
1 3671
1 234
1 1013
1 1538
1 1735
1 36
1 246
1 3395
1 5067
1 198
1 1355
1 758
1 1402
1 165
1 190
1 289
1 696
1 742
1 6633
1 3196
1 2880
1 4992
1 146
1 8715
1 607
1 2099
2 1
2 2
2 3
4 8
4 9
2 15
3 2
3 6
2 1
1 19
3 12
4 24
1 127
2 147
1 71
1 150
1 44
2 88
2 37
1 164
2 315
1 119
4 250
2 137
4 3
4 282
1 399
2 23
2 77
1 152
1 133
4 283
3 156
2 429
1 46
3 292
2 423
2 448
4 234
4 503
2 107
1 315
2 1102
4 35
2 33
2 1199
2 158
2 1019
2 895
1 696
2 1066
3 81
2 1160
2 1200
1 689
2 85
4 2126
4 191
2 89
1 272
1 211
4 183
1 823
4 306
1 3394
1 1818
1 327
1 853
1 814
1 1322
2 822
1 142
1 475
4 1479
1 3618
3 3692
3 837
1 4436
2 2400
2 3272
2 2598
1 1294
2 4893
1 878
1 614
2 544
1 911
1 2606
2 2931
2 3405
1 5150
2 3276
3 1000
1 243
2 3304
4 2507
3 1413
1 14
2 1955
9 1
3 1
2 2
3 3
1 9
3 24
6 29
3 17
3 28
2 5
2 19
2 84
2 50
4 14
5 138
1 26
1 16
8 55
2 63
8 165
3 42
3 146
7 121
8 6
1 168
5 207
2 398
1 297
3 589
2 89
1 116
5 205
1 93
2 118
1 599
2 37
2 779
1 348
1 542
9 1056
1 133
3 632
4 655
5 1879
1 6
5 396
7 124
3 207
2 221
6 2014
4 546
2 517
6 693
2 178
5 411
2 2075
3 650
3 2435
1 809
6 706
8 71
4 9
3 410
2 797
4 241
2 1320
9 4
3 12
2 671
1 1932
4 73
1 2
1 511
2 1613
6 216
3 759
3 913
1 2163
1 301
8 516
6 78
6 1180
5 1502
1 3446
8 1354
1 3986
3 4625
6 2108
5 4207
3 204
5 55
2 1073
8 2172
3 55
3 7518
5 2651
3 140
7 791
7 26
2 1
9 1
2 3
2 2
10 6
12 18
3 31
4 15
3 34
1 38
9 78
1 37
3 96
2 11
1 21
2 9
7 13
9 42
2 242
3 112
2 78
8 331
5 120
11 133
1 212
2 268
7 360
1 257
5 211
1 441
1 3
2 11
2 275
1 327
2 681
1 408
11 490
4 477
9 158
4 138
4 174
5 18
3 317
4 321
10 219
2 327
4 521
8 1408
11 251
5 57
2 1022
8 888
1 521
6 268
2 286
1 1453
1 524
6 1553
4 28
4 271
4 1384
2 705
10 1477
4 711
4 2092
1 896
6 3072
1 1255
3 160
8 537
1 2596
2 3709
8 123
2 1364
4 736
2 365
4 439
9 1961
2 1621
3 68
16 154
8 212
4 706
2 2904
3 5169
3 1457
2 4312
4 2257
1 2678
7 284
3 1564
11 6231
7 2731
3 4885
4 3249
7 4965
6 661
3 1756
3 5301
15 1
10 1
4 1
7 9
9 12
9 5
3 23
4 14
12 13
3 84
16 4
7 13
13 38
5 11
1 72
9 47
14 14
24 59
21 130
14 276
6 12
8 134
15 283
9 51
6 2
15 35
2 86
17 116
2 351
1 229
5 343
9 455
15 48
17 121
5 55
5 340
8 28
2 416
7 71
12 812
19 76
6 220
5 39
6 926
17 407
8 161
1 59
16 678
6 1328
5 402
10 64
1 1850
12 451
11 152
1 296
5 119
1 2382
1 501
16 1741
4 702
10 2129
20 245
1 2724
15 559
17 3233
3 1419
17 821
6 604
6 63
7 691
2 2911
3 1146
18 457
1 30
20 712
10 2836
4 3068
9 868
16 1213
7 140
4 1059
3 65
4 3911
12 2001
20 4706
2 3593
1 1501
9 54
6 4169
7 5208
20 801
10 3771
5 3689
24 6618
8 6478
15 3334
16 5171
10 1237
8 4772
15 1
21 4
27 5
3 6
24 9
1 14
4 28
13 19
25 49
5 47
5 15
14 5
14 53
18 65
10 204
2 11
6 263
3 137
23 214
10 40
17 143
9 165
4 39
8 78
2 165
5 313
2 171
27 687
10 122
30 192
9 47
3 9
4 52
9 348
21 185
2 385
1 575
4 76
8 782
9 351
24 755
4 1037
15 35
17 1247
9 121
7 472
10 818
6 47
10 224
16 653
24 119
17 426
5 572
3 1123
25 2481
1 135
17 783
2 714
1 1004
6 1046
35 320
10 912
2 875
14 1592
30 949
1 1534
6 4
4 958
3 3834
27 171
2 2892
13 3641
10 2140
10 3372
4 136
4 344
5 850
1 679
12 2885
13 1400
1 917
4 2632
5 1033
10 829
12 1160
2 820
18 895
13 1389
6 5853
16 3661
5 775
10 311
13 46
11 978
33 5037
11 4539
4 1106
1 4329
4 1099
1 1
39 2
12 3
18 9
7 13
25 1
17 3
4 44
3 41
30 16
11 20
11 89
29 46
10 138
15 31
12 10
7 116
28 72
8 30
2 351
22 52
13 225
43 93
14 9
2 204
6 28
14 10
4 469
12 23
1 378
42 80
6 682
32 688
3 2
7 219
16 1136
4 78
6 338
17 670
21 453
12 562
5 1028
7 147
34 581
12 61
11 413
45 639
8 403
7 642
11 1988
36 1193
47 595
18 1686
4 744
13 523
3 711
26 400
20 2378
10 323
2 522
6 157
25 1139
11 123
3 158
11 1056
19 729
6 640
5 1545
22 75
16 295
1 2605
40 349
5 392
7 1167
9 401
29 292
25 1115
18 5309
12 7
47 2133
19 3165
13 1923
15 174
12 4608
9 333
9 181
18 1245
16 158
35 1207
5 1687
19 357
13 77
17 2456
5 1070
2 1840
12 5802
4 1247
10 327
7 2749
5 1
19 3
23 7
31 12
2 5
24 3
5 6
5 3
11 8
46 29
31 3
30 50
13 20
5 22
1 84
27 79
15 101
12 1
20 58
29 22
37 226
23 18
11 85
13 99
35 624
29 87
1 350
5 231
32 228
32 351
6 205
3 196
15 647
12 148
41 54
4 167
4 279
41 752
19 1067
21 40
1 91
32 492
13 98
13 718
9 449
2 528
46 263
6 6
7 1065
37 243
30 879
8 187
13 6
21 1833
1 954
1 950
32 1487
4 818
4 220
17 946
26 1546
50 2596
14 2351
28 1063
3 283
7 691
10 1222
5 246
1 1989
5 1887
10 225
1 449
39 1786
8 3148
12 2328
28 3747
5 1993
27 914
17 1839
21 1502
37 342
12 137
5 4289
2 53
8 2895
3 1700
28 2572
5 1427
15 409
4 1823
10 6004
23 4450
16 2343
20 2694
11 1407
30 530
27 707
5 440
8 3641
60 1
48 4
20 4
36 8
11 2
4 23
6 2
38 8
27 6
13 9
14 81
5 49
25 26
4 164
17 161
1 94
11 4
11 32
18 93
25 77
1 85
42 241
1 23
23 62
8 80
1 428
18 206
1 6
26 564
14 104
17 927
4 428
6 528
10 628
68 405
34 19
12 159
15 28
50 82
41 633
56 862
38 190
19 654
22 92
14 10
19 3
55 130
53 234
16 81
5 360
8 447
7 539
58 67
42 2137
10 856
27 1234
13 236
7 987
39 232
26 2622
7 130
18 1303
31 20
9 2982
48 399
79 1084
50 973
13 125
56 1621
2 39
5 598
23 213
26 2042
2 634
42 968
2 2617
17 96
42 3253
68 425
7 1192
2 1167
32 350
70 4601
16 443
5 59
29 296
38 114
3 1415
42 1695
27 2044
2 897
35 668
42 6675
44 2636
45 1306
8 6072
28 1623
28 140
37 675
4 1
17 1
11 7
23 5
96 3
64 2
10 48
28 33
64 24
7 6
10 4
57 50
9 66
6 48
14 1
17 16
38 54
25 289
22 252
13 167
44 237
19 297
1 237
16 6
20 554
29 114
41 74
6 169
14 12
31 57
16 309
33 107
35 329
13 743
47 51
16 383
18 18
28 165
43 1026
100 601
19 93
75 48
1 61
10 1102
15 989
2 97
51 223
3 743
6 1036
23 75
32 1519
18 120
19 166
56 106
8 756
39 300
9 1034
92 1747
33 2402
38 190
20 175
6 724
54 52
13 1760
9 54
16 537
2 205
29 58
6 677
18 4037
1 553
7 287
53 1691
5 3951
12 2805
10 2153
57 4681
1 14
94 1198
21 2513
7 1480
6 1139
21 2605
35 134
18 707
56 1132
9 3620
50 59
20 6104
43 2328
10 1594
52 1199
7 2328
4 10
18 4306
10 4452
28 1534
7 1786
29 5085
7 1
54 2
38 3
25 1
4 18
26 8
3 32
2 5
15 62
42 53
78 9
52 2
43 15
65 100
97 93
5 54
20 126
80 28
22 78
3 203
8 273
115 70
7 49
11 47
30 191
3 613
27 165
97 705
21 252
56 53
19 215
58 15
52 5
12 317
20 984
48 191
7 314
12 1070
50 638
4 25
18 364
69 94
41 64
45 99
77 1570
27 695
25 61
16 119
9 693
28 1099
9 499
9 1420
22 1075
21 578
58 905
50 130
70 2057
29 724
19 951
13 880
72 1800
32 1948
60 719
92 232
3 33
13 2071
1 2570
52 5
25 85
3 1485
10 954
14 115
83 689
61 240
22 528
12 2888
15 871
17 3231
6 3134
2 3566
64 3900
18 4063
17 4215
5 6016
1 6867
61 1082
13 94
87 5657
43 6205
8 302
5 5749
32 4134
23 1209
46 1024
17 430
37 3475
11 162
84 2194
8 3035
46 1
36 2
133 5
47 2
121 1
25 2
4 5
85 8
55 12
40 37
17 55
25 29
78 68
13 8
12 65
7 62
83 11
72 54
45 124
38 38
7 324
29 233
85 86
10 183
70 81
32 396
10 211
32 11
58 68
1 198
26 2
57 568
75 317
61 263
31 700
66 60
46 93
53 1
9 340
18 1147
26 29
9 1285
99 296
10 769
55 1231
55 301
6 466
115 57
127 234
51 3
60 77
11 1070
10 489
1 540
7 728
3 207
14 1406
73 1762
91 1921
48 366
55 196
25 476
1 1876
49 359
15 714
6 755
31 305
81 333
9 1904
22 1371
8 578
14 228
109 265
126 4332
17 4839
14 3334
24 535
77 156
114 373
23 1907
8 4875
64 2003
67 206
85 2543
10 2810
13 210
52 2073
96 2699
12 2325
60 855
11 662
4 42
63 3122
46 1726
58 1498
11 6868
96 4624
56 286
27 1153
51 1
99 1
137 1
13 2
62 9
56 6
45 14
76 32
21 15
60 5
16 9
8 9
41 20
35 56
5 108
30 100
45 34
49 87
107 54
73 76
21 179
32 103
15 13
15 203
38 58
50 183
24 136
15 45
15 55
106 1
74 666
12 193
26 127
119 157
11 356
71 121
91 172
17 541
6 56
35 188
17 343
47 996
116 1157
56 26
18 405
79 1331
38 604
2 1662
21 1093
20 7
42 18
11 1720
75 316
10 73
38 1705
42 919
13 10
10 1022
38 2140
69 73
13 2133
80 64
39 454
51 182
24 105
45 1423
2 1208
104 118
35 4314
15 462
45 161
6 3955
156 36
49 31
66 1033
121 265
42 777
51 424
11 1988
131 152
84 1226
49 1602
4 984
141 3546
7 192
82 2412
18 76
18 1039
61 1170
2 4581
35 4723
88 1801
15 3365
70 28
136 157
64 2017
4 7582
7 204
23 2479
107 1
21 1
24 5
105 2
163 1
29 5
12 16
32 20
11 29
15 6
126 40
41 90
66 9
22 14
135 59
35 96
158 195
180 91
27 142
37 145
52 197
21 66
12 145
86 82
118 97
4 338
53 160
4 8
29 8
13 356
6 37
22 73
122 429
11 189
159 70
51 369
21 65
9 440
56 148
7 180
35 775
2 26
86 18
39 14
34 432
24 351
39 108
48 1795
33 1538
26 1762
91 187
125 800
16 844
84 158
77 1116
134 1369
55 234
22 2338
1 255
4 1450
42 511
7 1411
86 112
63 1168
88 1019
6 2142
13 936
14 26
16 1134
46 2926
66 8
38 1311
22 2247
50 2256
119 1276
108 1273
31 950
126 2579
27 3771
78 5314
13 111
5 309
16 1200
114 686
26 3197
102 1007
2 315
12 666
40 3110
111 487
1 3245
30 49
111 593
10 4126
32 2057
45 5292
67 1252
4 912
59 7340
53 1
8 3
29 1
30 2
40 7
154 19
76 34
32 9
58 21
52 98
4 82
118 46
7 30
107 42
2 199
146 13
75 262
5 96
92 15
93 134
142 88
35 123
72 98
66 42
18 107
171 349
96 123
20 199
1 169
26 207
34 226
61 257
24 183
22 49
11 360
1 370
9 154
98 42
9 402
72 21
17 27
20 743
53 1567
28 388
130 67
9 974
51 1801
15 980
118 161
76 393
71 545
49 213
45 107
24 1125
8 2366
197 386
22 1427
170 589
102 1047
140 1182
12 768
81 2270
13 349
37 1600
33 415
73 89
7 734
51 265
8 3844
86 6
11 3957
18 556
63 1756
51 204
142 324
30 1811
43 2317
96 2902
39 58
22 1834
55 721
140 2015
18 69
6 2557
129 2296
13 781
4 4032
57 421
174 570
2 7
41 2932
24 5644
100 2493
52 5366
12 1978
19 1283
72 5012
4 1414
149 4499
110 1
80 1
15 2
119 4
3 4
124 9
23 5
111 7
110 40
25 26
22 17
24 86
152 88
84 8
59 45
33 60
24 142
3 101
77 30
12 99
79 148
99 42
74 38
3 319
188 143
78 115
22 407
61 191
232 378
124 235
2 225
33 349
26 177
104 638
162 106
23 275
6 774
30 739
238 126
5 441
146 453
36 63
11 157
122 80
22 125
33 189
85 235
101 511
155 618
9 285
99 768
120 334
26 333
26 805
13 431
61 1402
46 54
58 607
82 638
116 131
82 794
72 497
122 1097
5 1006
7 765
9 2023
225 788
62 1925
69 3476
19 699
7 105
70 216
26 2770
168 1127
48 53
20 505
84 3081
96 103
46 580
30 594
1 1213
51 18
72 2039
60 461
62 505
45 3413
72 6921
122 297
165 292
80 3205
43 2937
1 2695
54 812
37 895
74 3471
21 4924
20 2427
243 4035
21 665
15 1
38 2
81 3
16 16
154 13
30 7
99 25
238 40
2 32
14 10
95 36
167 30
10 95
74 33
169 3
22 190
7 12
67 107
186 98
287 83
109 30
49 34
13 61
39 7
105 33
16 170
70 582
14 53
17 21
24 567
185 89
17 365
78 567
51 266
14 291
28 110
19 71
148 776
29 1086
101 6
80 16
82 417
13 312
66 411
101 109
15 11
4 45
267 261
104 656
17 1859
62 926
44 1080
109 197
69 95
9 1981
62 146
6 134
51 1177
23 506
210 411
23 199
7 1947
38 156
125 419
80 688
4 714
57 139
122 1671
158 1789
60 800
112 2060
184 748
125 1025
127 535
43 1453
52 1767
7 3310
179 4877
18 155
36 332
58 1386
172 2002
56 305
64 559
72 4226
1 848
16 1131
220 263
92 5882
104 2582
66 2109
120 3703
150 3264
168 1854
122 3286
44 5349
49 2565
31 4662
133 5389
27 1
124 2
22 5
19 6
225 5
150 15
101 7
148 1
63 8
78 38
1 37
60 16
247 7
125 2
127 66
269 138
20 16
140 149
144 16
154 19
49 44
97 81
114 248
169 385
106 93
82 126
72 343
38 272
31 392
140 157
32 150
282 391
49 555
167 251
119 288
233 174
31 200
47 220
15 130
62 1548
143 600
241 222
6 899
47 551
172 170
117 59
207 90
130 250
31 1290
139 975
4 365
18 178
154 1198
57 67
4 2344
97 1058
55 1228
272 301
112 2125
36 1784
2 811
37 1101
26 1454
10 1411
18 31
12 1434
243 907
50 2671
29 456
12 101
15 583
36 310
45 720
11 388
133 632
26 1098
9 2271
41 138
81 1377
30 705
91 785
245 386
147 3225
21 1493
121 1805
20 657
60 655
97 869
42 1268
149 99
158 44
28 2566
65 416
74 2169
63 1782
26 189
133 996
34 3233
54 2420
42 1
27 2
283 1
6 5
69 6
16 21
29 18
92 2
207 7
275 5
12 1
48 89
56 155
43 19
56 43
38 134
67 53
48 51
106 6
187 254
1 246
74 316
30 19
94 399
29 41
3 14
15 62
89 25
13 199
216 821
90 393
283 784
227 492
28 66
57 553
146 75
224 306
99 430
95 502
49 27
61 52
1 617
103 364
111 93
80 1001
6 42
17 3
79 2075
149 233
55 1244
29 494
148 1916
112 116
109 1180
57 2139
18 20
87 1722
258 1651
62 1830
79 503
254 1721
78 459
64 1526
67 1165
261 1392
92 2534
95 1436
7 1742
176 179
12 790
131 3326
85 37
20 3024
62 2091
230 8
16 88
120 1023
96 197
15 363
115 1561
134 739
163 192
111 2313
84 619
172 813
228 596
26 1029
30 5940
65 196
30 3632
46 206
172 2185
52 729
114 3164
10 1264
219 1956
70 5193
73 3597
24 1335
144 1
34 2
7 9
55 5
124 5
111 18
268 14
235 14
24 17
7 61
28 26
83 67
91 61
99 55
242 56
38 59
86 71
64 103
167 33
358 62
42 132
82 12
22 30
161 28
91 1
217 156
1 279
75 439
47 310
41 27
7 29
68 405
279 192
36 12
46 696
39 907
102 210
72 101
5 86
212 899
131 4
280 293
233 1097
39 28
217 927
168 21
1 17
279 269
102 126
278 231
180 456
47 995
32 102
216 54
186 2280
172 215
53 595
71 1194
32 2398
22 34
173 302
178 351
64 410
105 1159
61 2300
307 437
2 3590
117 1211
107 966
9 390
136 90
9 636
5 499
122 2378
13 586
83 2232
112 3638
53 400
74 99
185 340
62 142
208 2865
186 170
74 24
351 1027
27 73
116 179
67 1128
108 3431
70 316
187 1680
25 495
50 452
119 926
133 2728
108 516
140 1195
200 2877
23 8393
377 1
88 4
74 3
24 3
71 13
231 7
74 7
92 59
8 5
163 46
96 15
70 9
97 7
9 158
1 23
84 73
195 38
97 296
328 110
261 10
42 158
81 1
157 178
241 46
84 143
128 175
117 23
349 43
113 538
364 518
189 3
2 524
6 29
15 173
8 487
76 220
164 171
170 30
28 496
130 406
394 172
120 353
102 370
30 391
81 66
76 141
42 77
68 583
59 1111
111 32
72 1287
84 764
38 551
104 473
4 544
84 2054
136 426
52 569
230 843
279 727
308 592
199 408
1 120
38 1295
8 3745
72 1136
268 14
82 190
66 685
392 88
30 1231
81 790
22 170
106 343
35 2482
60 2408
26 2258
180 874
110 48
139 487
102 517
160 1409
180 2099
89 1394
40 1889
218 131
1 1036
166 6342
43 4246
51 1785
109 3777
17 293
178 3505
43 1983
4 5940
55 2188
172 6462
351 2874
48 6859
231 1
258 2
80 6
65 5
105 14
70 2
123 4
183 8
59 24
444 20
18 31
345 35
19 111
373 20
103 53
32 147
62 95
90 14
74 117
75 5
343 114
74 147
272 263
58 138
119 75
283 325
346 19
94 328
161 58
21 500
109 610
65 16
44 413
39 566
335 746
66 504
14 1263
187 459
43 213
123 236
41 1118
210 217
263 1288
262 442
16 843
154 231
44 506
62 1603
11 149
18 35
252 227
65 1005
22 442
68 1649
45 1765
56 238
150 1102
8 2232
23 103
88 1293
123 477
3 604
6 866
107 242
12 1068
67 2538
7 161
66 2816
34 873
61 1652
73 310
232 160
137 3709
219 1077
297 864
137 857
67 551
95 344
254 2516
359 3384
261 3030
7 2926
121 5834
20 27
106 5802
96 895
176 3034
40 3342
14 3664
13 208
42 2128
65 481
32 1175
11 4021
110 7261
9 8121
4 5601
10 4267
104 303
16 1
146 2
29 5
312 4
32 4
178 1
37 6
3 21
330 27
34 22
16 17
4 93
290 15
141 40
169 61
65 48
326 8
262 145
112 203
165 83
61 223
383 142
436 173
398 225
212 236
29 383
73 346
225 59
251 347
94 62
29 164
125 391
270 643
18 155
124 294
16 679
124 228
306 97
61 469
407 988
324 638
50 164
212 336
193 277
86 32
6 828
169 393
265 225
92 1352
61 424
299 255
88 894
309 409
366 1112
205 1624
9 235
175 136
22 506
187 155
66 1196
21 250
18 171
78 385
65 995
23 231
204 202
25 407
168 116
377 1258
150 165
96 1795
189 79
117 1599
33 4599
12 1472
115 11
62 2837
336 4365
8 1823
270 21
325 1395
211 1273
191 3833
22 1519
376 2747
13 2249
20 2885
11 2843
234 1404
29 1126
218 809
157 2268
186 3661
187 1859
13 1582
207 2706
164 189
102 931
103 4061
31 1
82 2
219 3
223 12
11 3
93 2
69 14
208 26
76 2
54 75
5 11
168 12
52 12
60 11
119 62
150 40
43 255
199 260
103 33
90 33
396 321
9 290
236 410
50 201
95 62
77 17
13 523
181 183
132 517
91 24
168 222
385 301
41 60
214 149
423 372
297 170
112 283
128 860
165 50
369 84
8 75
153 189
88 463
33 383
180 1015
45 114
110 514
351 1418
178 960
128 918
159 21
154 721
93 531
31 1119
48 797
77 2078
137 363
54 4
15 516
269 2322
56 1525
138 527
55 11
99 340
127 757
177 234
28 104
160 533
280 1156
366 850
51 879
45 564
324 1243
375 2414
259 1090
10 217
230 1460
103 1767
97 943
8 123
185 2719
259 1694
19 1461
363 161
127 90
123 502
38 1833
63 5384
211 10
189 1218
320 2564
55 2488
442 3001
20 7588
48 1373
205 4030
63 1361
202 457
43 1997
15 1
17 2
97 1
86 1
70 9
102 1
196 35
208 23
10 9
212 7
19 78
4 12
457 12
190 82
93 42
96 80
118 39
199 108
165 2
483 208
98 85
173 32
199 97
325 50
204 170
74 11
18 228
197 257
41 37
17 360
121 303
189 277
38 157
125 50
101 168
148 233
80 887
134 114
4 101
446 533
200 1388
26 359
76 888
286 549
27 1809
510 93
274 773
187 305
19 1400
49 780
457 891
200 729
4 212
7 49
103 272
526 1208
118 250
15 258
71 1296
180 1105
75 2208
156 2445
102 2428
40 1039
139 1675
147 1662
91 465
52 985
49 3010
181 888
209 89
219 2377
374 1885
120 769
10 2529
16 1878
115 1348
433 172
277 2324
268 185
243 906
140 316
40 617
68 19
343 126
365 91
53 1039
87 5566
59 210
51 68
131 789
337 320
381 26
39 110
320 6793
356 2575
26 3745
40 4296
4 4203
106 1
9 2
500 8
472 3
28 9
559 4
125 45
30 30
172 23
154 29
300 99
41 65
571 18
230 13
25 81
32 26
49 23
232 34
513 44
264 3
8 152
341 421
508 400
31 230
161 175
393 175
212 7
61 13
76 138
8 59
276 795
342 8
218 54
381 57
7 532
212 1
232 484
12 429
271 120
615 184
483 323
23 776
87 835
13 30
282 57
191 212
5 596
453 114
247 342
335 1725
12 1343
412 1112
124 296
277 1239
145 92
54 821
105 62
97 105
64 523
9 2201
160 648
113 1825
22 513
299 601
315 1028
249 496
158 1414
641 2578
219 1355
30 243
115 3213
101 370
58 3165
162 2243
29 743
166 2584
307 5245
24 4292
70 2529
23 859
152 135
3 2668
431 1943
134 2020
175 63
63 5137
88 1436
88 163
64 44
468 1783
106 391
396 357
113 1088
40 836
56 781
455 1715
12 1519
31 1103
380 581
156 1
190 1
302 4
137 2
162 1
3 16
6 12
510 61
82 12
604 10
189 12
151 80
429 9
31 70
321 95
207 28
179 94
133 171
60 263
86 20
423 185
270 37
185 220
112 151
689 245
29 38
322 361
397 77
105 516
30 17
35 218
53 222
152 146
24 296
158 296
2 98
71 331
154 67
358 42
165 807
303 350
487 402
189 946
26 297
491 1363
409 40
97 434
457 64
579 47
36 1093
411 33
207 18
21 659
44 294
14 226
126 1394
185 1102
91 672
51 2383
77 2542
230 313
160 51
51 1969
40 1497
12 218
186 1478
27 96
96 2399
25 594
67 961
107 4032
127 1447
186 17
502 3946
316 1810
416 829
176 34
566 1699
639 1962
352 456
92 687
143 4519
377 87
156 956
67 502
466 221
35 672
289 2074
12 2180
108 1321
366 1461
27 345
9 5259
75 413
48 379
56 658
309 5414
104 63
105 581
210 1
68 2
395 2
90 8
469 1
64 6
376 16
177 1
20 38
142 99
157 4
9 57
309 13
17 63
425 26
83 60
216 24
462 27
63 17
217 210
169 100
474 66
260 132
439 41
563 10
330 237
327 562
379 21
68 44
557 9
61 3
141 60
63 1
25 235
2 44
35 17
204 54
20 494
121 75
205 1031
139 213
93 684
267 959
27 1160
134 658
113 76
297 602
218 197
5 1656
66 31
203 185
96 826
5 919
183 1663
51 971
40 700
392 1853
128 90
59 24
78 1345
7 681
69 349
222 335
55 169
438 483
23 258
178 1525
198 1124
249 2170
467 2055
119 6
473 321
258 1484
135 2631
57 329
77 186
205 479
140 2457
26 1656
630 751
30 3173
682 5050
169 142
123 241
49 1423
168 1484
65 2971
148 2950
275 122
424 3552
105 898
131 1911
385 505
69 1725
134 1683
49 2288
336 4059
248 7489
249 2517
597 1
53 4
242 1
192 4
104 6
82 14
125 27
6 8
129 11
86 29
191 21
461 15
180 7
393 11
525 84
93 16
10 134
236 20
177 161
799 187
119 88
68 405
503 130
289 71
145 308
46 357
521 364
19 314
263 97
183 428
135 30
537 151
316 750
624 119
552 182
307 680
328 323
162 194
111 134
510 333
209 7
254 318
188 220
360 303
216 351
261 1281
418 671
681 170
343 442
29 29
341 211
135 309
29 2744
238 514
6 646
27 125
5 83
16 2044
16 850
274 2227
547 671
13 1014
383 92
96 1009
39 19
268 903
53 2986
22 2793
14 616
720 284
101 1248
250 4166
109 98
298 40
110 608
65 4632
66 2253
376 1309
2 4685
35 347
341 1036
232 734
95 908
195 1249
331 648
99 1473
188 249
415 4448
13 933
63 4447
268 784
191 4293
217 353
110 1109
268 896
235 2806
386 1641
725 42
15 3093
332 1
92 4
145 1
50 1
2 20
575 9
80 1
13 9
7 3
22 50
82 19
73 64
122 88
346 56
88 60
297 53
61 124
443 44
493 16
712 23
18 207
2 350
43 316
348 410
172 99
466 54
143 4
111 121
91 217
202 320
184 11
316 481
112 174
253 438
261 515
16 475
571 613
32 88
23 68
61 168
190 683
260 679
117 357
78 1539
149 425
210 93
114 15
596 106
13 174
163 107
409 888
56 441
675 2460
234 288
469 2790
29 1138
340 405
39 1407
18 553
211 476
212 88
61 262
346 2807
383 36
574 61
575 1528
458 3097
131 1794
67 257
786 1842
611 462
74 443
492 933
297 217
54 269
10 129
556 562
143 673
440 408
251 366
24 5221
17 711
64 3237
416 1826
245 182
761 1227
55 73
629 2805
105 2982
30 4426
71 1819
131 371
14 3261
514 1977
221 5364
59 1716
315 644
381 910
125 1193
162 1
306 2
135 3
185 2
649 9
104 23
47 6
642 20
506 27
63 8
118 63
66 61
39 56
78 5
213 54
674 137
34 56
570 53
282 163
164 33
20 34
342 98
327 66
595 368
413 369
182 20
138 171
2 217
222 9
465 30
21 385
222 375
54 24
44 18
22 642
156 371
66 898
264 277
224 53
77 231
546 49
15 1155
379 728
6 146
125 778
417 209
590 532
166 181
77 2008
94 224
9 136
36 1063
7 18
432 1572
516 347
116 1552
281 801
435 3024
270 2437
433 165
17 1241
191 28
146 1003
510 592
582 235
151 1949
3 1016
17 1858
2 1512
336 707
168 2509
95 293
336 38
55 923
150 415
11 712
220 66
549 3545
56 85
132 2946
82 123
12 2088
554 5838
252 3713
172 2156
191 1899
302 1272
595 613
94 5595
93 1070
132 1533
63 3348
14 175
198 1944
198 857
139 3403
192 1526
372 284
110 2537
404 1
314 2
412 6
138 5
108 4
22 25
678 9
152 52
398 12
173 27
231 16
85 10
195 65
706 109
86 96
121 35
3 147
270 8
407 61
102 9
115 48
400 176
184 24
5 73
88 1
1 278
31 191
879 74
697 102
250 119
156 232
48 44
36 51
3 321
582 697
322 645
4 153
677 4
589 858
404 1099
345 1440
176 943
481 167
598 344
446 1257
32 227
57 1103
17 1083
15 1098
3 362
384 211
160 1529
215 2133
34 1931
21 369
125 77
451 65
58 42
226 319
319 18
358 232
31 817
231 45
35 2389
65 2302
58 90
66 816
16 428
101 91
861 1133
335 1658
318 3534
90 1326
189 501
76 4709
318 618
32 1517
269 403
40 3244
22 1763
614 616
837 2264
33 181
492 1273
397 2027
380 591
294 1254
491 113
484 895
22 425
100 1668
141 4420
36 144
15 455
323 1028
9 77
190 1359
153 399
390 1682
24 1
65 1
511 5
16 3
194 14
297 2
569 24
344 1
13 10
708 4
304 8
102 20
237 101
376 58
55 5
297 37
855 90
439 49
410 19
292 201
196 48
601 13
341 304
32 9
454 140
125 66
699 553
59 305
330 42
36 370
33 523
597 220
18 231
158 255
547 264
238 38
192 507
336 492
394 225
227 389
314 116
769 40
420 144
88 46
447 537
156 163
742 755
473 187
108 1296
223 120
210 221
252 444
386 153
533 1108
45 1188
691 817
12 309
882 37
296 685
637 9
16 544
64 209
257 655
14 1742
967 1229
428 1216
14 682
299 612
62 389
410 646
225 2711
222 3721
347 217
243 495
114 1022
665 197
486 2911
220 626
546 2492
24 491
487 1744
114 3466
53 1261
488 813
495 1683
885 2725
139 5329
43 1476
145 372
155 716
212 3241
102 285
86 2289
93 4202
152 1015
150 580
58 3
441 4235
642 622
160 1
110 1
174 7
219 7
647 7
375 2
365 10
204 37
248 41
111 1
4 27
140 141
426 72
47 74
494 97
86 117
382 132
739 134
546 300
122 77
65 91
389 69
540 131
424 83
2 150
212 195
208 84
144 148
51 215
964 399
177 700
291 443
8 484
233 289
232 609
55 1097
270 558
20 262
442 1
8 61
84 860
524 358
60 432
305 652
281 38
656 536
830 312
157 737
122 715
373 186
4 832
10 487
472 825
378 1255
9 870
288 821
837 1720
22 510
58 73
712 46
472 1866
33 183
75 348
97 455
469 897
18 1328
114 935
570 350
423 1382
13 1371
368 3360
559 1953
23 706
269 29
101 4307
463 260
343 2416
117 107
12 2313
42 506
65 2663
209 649
393 427
16 1152
258 693
367 3813
922 1038
266 6289
326 1748
123 533
97 168
202 852
379 674
565 2503
811 2682
168 1505
422 677
300 2842
79 2588
485 1
22 3
554 5
207 1
441 8
344 6
530 8
787 47
23 9
272 7
881 6
9 31
68 7
502 7
686 29
19 101
133 16
281 14
188 44
10 16
442 332
85 349
660 233
826 208
63 15
696 279
462 284
344 8
350 602
27 22
99 38
93 442
20 294
176 62
425 279
259 688
917 47
228 63
797 71
65 57
43 926
863 166
454 99
85 879
427 1404
71 305
509 978
330 130
820 144
26 1325
3 45
69 1396
716 2330
616 277
17 328
35 170
510 1669
366 1133
119 771
82 79
290 154
675 245
247 3268
950 648
803 135
738 2423
209 2992
123 66
117 1254
212 842
65 2406
105 1428
261 2225
536 741
141 2842
886 3852
30 346
347 4037
1066 1101
713 675
112 2295
31 2712
133 2596
269 3605
577 192
145 666
608 5459
21 1920
110 6124
189 612
226 1351
497 4810
36 2788
159 4395
20 528
88 4746
463 2512
43 2277
76 1290
994 1
205 1
53 7
56 2
21 3
41 15
145 3
177 5
783 3
429 8
353 51
28 79
671 11
18 4
13 7
1021 7
338 18
314 47
827 14
195 82
287 54
252 3
700 16
297 5
773 402
14 287
17 1
971 80
31 36
593 48
101 86
113 5
48 331
698 439
619 1188
507 76
385 500
565 290
347 518
599 74
322 664
116 743
170 158
455 269
744 15
444 559
671 1704
503 1302
161 332
722 723
398 784
54 129
2 987
97 30
170 1325
304 65
286 162
139 754
1004 171
58 31
612 821
32 2191
980 1133
179 918
338 1093
28 2065
56 647
217 16
44 1627
577 342
38 77
547 1055
820 369
224 3301
175 201
504 679
248 16
687 92
589 721
277 5726
70 436
82 1464
17 1731
821 1042
652 715
223 4983
221 2104
306 475
676 777
598 6033
293 1128
58 314
11 1478
834 1577
68 2506
34 657
53 302
257 1173
100 1884
604 1
410 1
48 1
328 12
170 2
669 13
133 10
268 1
324 6
255 56
763 81
102 100
277 53
596 8
590 17
585 46
102 6
345 61
267 54
1136 17
55 27
354 253
44 15
620 195
160 13
64 125
256 95
68 5
150 420
101 152
578 503
647 253
722 696
127 676
729 182
271 293
255 730
142 724
161 387
228 903
126 58
139 13
77 577
299 217
12 210
574 151
148 499
426 1050
114 576
115 625
41 110
60 497
27 3
654 1229
1070 397
924 12
563 1849
73 49
22 1547
646 2674
577 239
202 119
523 1207
73 316
478 736
143 3387
52 216
44 135
2 609
511 1238
60 2136
48 594
22 828
137 876
542 1945
428 661
267 247
301 2127
1079 377
343 398
456 3365
400 2960
425 4412
280 2296
298 528
355 607
54 2875
734 4638
600 3750
198 3103
162 2785
362 6081
507 3563
239 5023
111 450
47 403
401 363
100 3922
243 3610
845 1
173 2
197 6
1041 4
556 4
771 2
222 12
85 42
23 12
223 7
527 33
86 67
629 3
206 67
1092 57
353 106
323 115
475 82
135 114
1263 60
100 382
369 41
192 73
541 317
130 130
267 164
213 383
61 298
471 9
517 190
544 7
14 959
42 416
196 726
253 625
317 6
690 132
30 160
709 60
1295 102
401 849
18 1492
242 60
161 103
749 238
68 855
541 244
866 3
532 1208
122 183
48 203
284 90
203 43
50 34
426 85
651 30
864 1403
76 1602
323 294
517 119
377 1489
345 1258
988 423
56 1034
489 107
6 1699
927 983
115 1746
185 1158
302 937
257 522
457 202
452 2381
454 117
707 624
66 1284
319 153
127 1285
945 372
1234 225
55 1370
1128 1823
535 1230
282 3131
501 117
573 1301
171 1670
494 3330
554 2171
483 6697
786 1611
459 2771
570 173
33 403
127 779
113 5160
20 2235
31 4200
487 681
343 1
202 4
224 3
237 11
60 2
253 4
580 11
162 11
126 25
66 35
9 68
655 99
868 23
696 55
52 6
4 3
314 108
295 2
67 17
560 277
60 54
430 267
918 78
27 12
6 64
264 157
253 14
561 107
90 69
157 95
30 627
966 793
499 230
25 718
131 415
183 347
468 819
872 170
109 105
820 635
927 86
383 605
678 281
288 253
14 428
224 1009
673 684
581 269
33 422
272 757
971 377
534 505
13 183
302 299
155 421
1264 384
600 559
60 877
3 1069
198 1423
260 52
1039 543
138 927
436 2346
1197 1040
194 1912
430 3945
498 1297
936 357
37 253
250 87
155 4520
214 1567
160 784
188 1552
419 1025
775 292
11 2120
1276 2000
461 377
138 263
192 4430
274 607
490 3581
88 2115
264 1442
718 5353
183 1657
14 1212
1017 964
474 3458
707 17
616 1830
286 76
1203 1887
104 2974
238 1122
316 412
142 507
1287 1
793 1
1035 5
156 11
346 5
149 4
497 18
612 20
370 15
92 3
1094 34
37 1
993 143
129 18
1142 125
162 42
220 52
909 184
1190 139
101 72
430 104
525 107
63 146
115 108
747 339
165 115
632 37
251 163
1318 203
83 849
475 91
708 659
106 288
154 17
14 661
80 360
1139 239
81 16
70 905
753 890
303 277
234 129
1203 15
510 372
102 633
75 30
740 352
269 518
601 1037
1006 323
23 370
1159 488
1070 2206
1230 1198
231 554
432 2803
672 88
890 334
73 1203
1005 73
50 134
1162 632
341 1205
273 696
338 3320
644 2337
247 1084
515 939
236 610
196 1587
312 3452
343 47
22 4930
80 492
673 2831
469 1293
204 4891
314 2028
2 403
514 147
400 2472
325 2658
207 2586
70 68
1035 650
214 139
1018 247
211 163
530 3346
1199 649
286 2215
29 3667
295 3744
283 2308
682 536
608 5497
722 1048
403 4804
108 1454
56 1
1126 1
23 8
8 13
543 2
938 16
121 17
198 4
847 27
1445 21
707 4
582 10
226 18
1223 51
164 20
179 130
1 46
37 44
653 247
146 210
535 4
1184 400
97 226
116 13
98 353
100 75
879 68
680 49
696 366
334 50
146 242
275 11
331 72
37 358
1098 259
182 664
183 9
269 1421
114 746
303 103
127 71
456 242
721 1697
1134 343
33 235
73 333
610 55
314 1161
189 605
977 81
1010 1114
38 81
120 8
292 388
247 113
448 319
507 312
575 523
439 447
104 338
77 1767
273 681
306 182
397 67
43 165
69 40
342 150
753 377
82 1790
268 26
267 53
181 1204
291 3832
366 1037
337 3355
155 2671
640 3341
287 325
183 3156
146 846
945 96
344 5254
360 250
640 1199
67 5652
112 6287
894 309
835 798
538 77
341 3060
118 1636
702 4292
942 110
17 4109
881 4514
597 1918
939 683
76 132
81 990
203 1
546 1
255 3
161 1
1214 17
55 11
85 19
927 2
401 17
459 16
682 24
797 86
706 64
1292 75
459 70
393 97
266 108
710 32
768 190
692 90
828 294
44 67
1233 21
18 1
108 90
780 135
590 88
806 125
644 251
618 88
56 312
136 521
577 409
395 1087
605 119
256 191
305 441
291 996
43 445
45 293
687 322
897 427
438 14
191 643
191 456
217 421
106 1406
104 12
29 24
30 13
61 579
32 468
1355 41
399 1309
751 509
140 14
466 44
432 241
1174 1347
1069 207
810 1842
683 2191
775 2014
31 1921
414 2036
809 2489
39 4078
367 795
569 2432
23 254
1216 3089
153 3172
3 834
194 775
416 4573
902 311
94 2087
511 211
59 1017
596 1856
487 1515
448 138
38 565
361 167
156 3712
114 869
838 206
239 35
153 2085
125 273
205 1686
406 11
90 1742
274 2738
126 1772
201 2796
677 1295
310 416
149 5965
1099 1
314 1
1153 4
50 6
232 3
567 25
95 28
10 7
29 3
221 33
234 20
33 16
27 15
17 114
634 21
170 16
859 109
598 13
908 2
99 50
205 32
109 195
160 118
4 310
302 249
94 147
354 132
428 182
1690 139
345 143
808 69
149 452
1059 16
463 79
836 68
1352 226
749 152
856 91
128 82
474 364
258 1082
1544 63
247 105
1030 128
811 659
301 490
318 117
874 1391
246 283
74 6
686 661
184 148
296 1522
838 31
1310 545
84 869
1456 359
825 2792
213 501
964 838
616 337
261 184
1460 1846
137 2128
1005 885
241 638
480 608
623 364
638 2016
767 56
144 93
41 2034
823 102
360 638
753 4064
1106 1984
278 610
29 62
1451 3261
674 3460
687 176
56 52
249 30
56 383
649 3558
272 4925
350 2613
229 4873
454 7096
109 264
813 3627
337 3039
1135 1551
641 1027
661 342
446 1645
65 1642
286 332
617 2576
754 1
238 2
1235 9
414 11
876 4
1427 3
253 4
477 55
934 16
299 17
719 32
97 118
181 71
194 19
1349 69
288 15
76 36
1223 6
710 289
39 29
245 23
933 307
169 53
536 134
314 137
1111 491
320 13
39 56
341 45
462 160
229 366
1282 10
875 689
1143 67
1066 41
1449 434
545 46
685 1187
507 39
475 438
558 116
224 15
96 110
504 764
221 78
439 494
1330 882
251 64
187 443
1294 255
1366 29
642 636
485 1209
1165 120
384 401
62 174
99 12
242 220
81 17
249 748
460 1943
477 2687
124 314
129 3127
1735 292
446 756
587 199
383 1201
73 693
243 2215
18 1180
33 1528
582 1744
273 296
964 23
381 1667
209 452
1925 267
384 2825
174 5077
162 404
44 6220
290 2581
300 1056
572 306
216 3773
203 653
1184 5554
233 2211
952 430
1653 1835
296 547
68 279
1499 750
1230 6978
606 2745
1194 3304
182 4662
598 340
423 1
807 2
1309 3
5 5
120 8
52 5
529 15
291 23
113 10
900 19
282 22
929 21
1315 25
60 114
869 79
410 162
696 264
296 138
362 321
7 148
838 213
655 73
943 90
958 89
1366 9
562 95
458 2
621 510
134 31
104 33
615 15
58 305
370 337
773 110
132 135
130 641
656 177
1171 30
2 313
1483 420
299 433
197 37
97 1134
141 253
1220 21
255 358
937 115
284 37
216 1990
562 734
763 1865
66 20
1000 1635
35 58
512 37
296 1165
274 84
14 70
23 983
46 593
1536 1416
851 356
120 815
261 3218
644 615
572 1210
582 435
78 930
145 2151
174 1738
984 2350
534 2136
1116 1878
219 722
75 217
14 1319
383 68
775 2074
360 434
442 176
50 842
12 191
241 1683
792 620
752 3976
29 1300
163 2369
452 1440
403 1813
74 3906
759 843
463 38
582 847
808 1141
239 5327
438 2296
61 5491
214 1144
530 45
1406 1
319 1
2 2
1220 1
1665 2
5 7
477 12
99 34
146 39
1735 27
1780 90
511 29
315 5
157 151
568 163
343 43
107 129
438 155
1067 124
82 133
440 192
33 270
751 59
686 328
1706 35
753 34
809 379
822 203
909 24
682 65
536 300
189 488
380 404
1183 678
465 987
135 958
1104 1137
127 249
510 126
871 17
409 292
346 819
13 47
59 357
1007 1821
854 1463
1616 1030
1138 902
378 170
982 1670
1407 1
1679 936
44 12
348 230
1429 185
134 223
40 1688
182 406
135 1500
215 52
1578 1156
982 58
72 1452
1557 314
329 1392
262 869
106 2087
561 1329
111 607
499 560
812 606
807 505
234 2434
174 1874
34 577
540 3546
688 2531
259 541
129 5057
1917 179
696 517
850 282
1737 25
1048 2993
149 795
569 1939
62 770
81 270
179 3895
1420 791
978 124
1053 339
385 4927
475 398
13 351
68 2629
162 349
311 2331
1495 927
207 1
914 1
1108 3
507 4
353 2
651 18
45 16
184 36
600 23
980 6
46 16
132 4
6 74
40 55
543 27
1229 18
318 194
47 41
33 149
566 11
333 124
80 203
683 288
768 126
1037 137
535 75
172 192
70 304
1165 285
244 99
540 141
580 239
44 95
106 439
120 272
423 19
691 215
651 258
85 790
1052 129
437 116
477 884
1707 973
1036 114
795 531
74 224
421 38
432 292
231 500
391 400
555 76
277 878
256 172
513 2303
695 179
632 1119
199 3
1009 63
900 677
229 2280
91 222
914 2402
88 2852
1077 1209
74 629
402 575
30 1615
245 2099
102 1312
358 1977
44 2818
71 1422
1140 14
664 2322
438 513
4 309
196 780
50 1024
120 692
550 1294
1606 1227
948 425
552 4446
198 2781
135 3961
818 1987
500 1002
172 468
225 939
1023 4887
111 2310
1550 162
882 885
519 1560
166 903
2042 3784
120 3150
645 2222
864 2932
861 1
316 3
313 2
252 7
33 12
121 10
374 14
220 31
193 43
474 11
185 24
245 47
51 15
629 34
1169 53
649 46
312 121
646 71
636 37
711 82
42 389
437 218
40 31
174 10
1462 43
518 302
910 13
421 259
379 458
70 66
79 114
73 472
940 510
26 333
193 1005
249 37
3 697
136 516
399 91
261 357
1666 456
516 613
489 673
31 40
1128 578
81 114
516 10
277 465
634 203
795 408
692 129
330 372
21 80
187 131
539 893
1078 1369
11 477
171 1444
1178 1719
55 207
36 165
256 187
1110 428
324 237
126 995
151 498
569 1374
107 2801
659 767
259 59
684 1094
216 868
38 2196
527 1622
277 1302
1455 67
2209 2909
8 1904
159 3216
832 1424
271 1460
136 1235
629 2962
35 1297
510 3642
1143 4010
264 6994
267 389
132 624
87 4458
113 2969
87 630
1419 2544
289 2215
11 258
535 747
426 205
599 732
424 3993
846 1
68 2
1747 6
131 1
226 6
1466 23
1442 16
196 12
360 25
63 2
1249 20
1271 7
1202 10
579 118
296 42
560 44
60 49
473 146
204 39
35 52
1075 114
374 93
207 90
1097 18
196 429
17 592
405 502
1547 694
1148 361
106 66
748 698
1184 827
1070 24
204 122
1911 3
808 481
1912 796
1740 10
25 152
276 519
393 163
136 252
85 276
574 883
689 1144
1 22
64 1210
1575 939
2037 181
1010 964
373 1022
1606 451
212 1113
900 1326
821 199
1585 564
174 681
1061 1047
1098 89
1092 109
557 108
128 800
247 769
676 2804
317 1362
1055 1610
19 21
10 1049
516 1449
165 894
360 2096
1432 3391
736 80
226 42
44 368
1663 1016
11 2600
780 2824
68 2317
434 321
873 413
1212 972
539 1517
397 4305
567 5280
125 5929
1857 68
736 1333
142 5531
1577 5493
1245 787
49 4469
281 926
222 2364
229 1260
501 38
420 2563
45 508
529 266
807 1
565 3
512 1
560 1
159 3
845 2
1539 11
1084 34
71 10
197 8
77 3
1510 21
1405 33
26 93
621 11
485 32
17 35
443 86
344 133
30 296
57 293
37 10
32 3
548 181
1142 148
216 3
37 352
331 223
805 375
628 269
527 548
1415 12
148 108
72 73
1402 270
1166 119
528 188
1128 89
545 162
737 468
1397 9
1552 374
470 977
491 177
106 312
1589 83
1243 162
1186 1209
301 1553
2184 627
562 829
1480 135
2238 315
1230 992
723 1675
156 2424
1248 8
117 1867
1812 12
349 551
397 1598
1285 932
130 1400
1476 142
16 1377
122 2697
1287 358
474 156
305 2484
1306 47
560 31
187 2304
1282 3723
303 1950
813 730
420 4538
255 2087
1021 2279
1233 1657
52 1306
580 2199
155 53
187 868
1530 4738
297 1515
1594 1572
187 2654
15 928
658 83
1535 2183
768 617
530 3129
48 1449
32 5548
138 465
64 832
539 369
408 1707
339 7634
837 1
905 2
394 5
368 6
847 4
942 25
1910 32
1588 31
548 1
880 16
577 6
188 8
150 76
259 38
1223 62
360 130
1526 85
1006 8
937 178
106 10
311 202
688 416
444 262
414 22
641 136
749 205
1726 30
1719 187
1420 554
385 176
1332 77
50 40
15 47
100 269
2080 609
2386 124
572 30
1217 232
97 398
186 491
1563 1415
1074 369
194 270
830 188
5 215
1264 198
44 489
498 745
1507 883
1089 1118
178 632
633 33
605 271
7 1140
578 264
1179 38
1919 1907
170 2002
326 2504
86 988
1519 99
929 60
1057 1149
1040 2109
297 1285
98 1101
400 1115
1815 2430
81 1354
67 752
1072 140
1833 2975
2265 1589
1071 375
245 31
1172 1921
38 253
858 75
747 2727
460 520
142 2494
58 3175
1172 3256
391 1970
624 2082
31 356
315 3382
413 334
892 102
572 3766
39 2013
132 4923
78 1239
271 1378
55 4960
471 2643
606 1022
55 1924
744 1068
1340 1
646 1
31 3
182 4
129 2
115 8
1489 1
438 1
558 22
68 11
1999 50
181 46
831 75
291 78
561 38
968 10
1688 118
3 74
770 71
294 5
646 246
15 211
97 13
53 139
54 79
1358 426
210 93
63 74
717 36
302 54
88 12
20 578
168 13
788 375
60 498
43 5
542 469
892 4
141 864
853 202
1752 330
171 1287
645 961
453 202
1659 16
191 772
372 179
14 603
209 58
677 187
1047 82
520 1718
199 32
431 284
640 1327
797 825
68 1415
927 157
783 18
370 495
1116 484
1473 240
1986 498
764 1747
1522 792
148 572
145 2710
48 2764
1036 21
982 980
150 4042
446 2061
251 253
916 1669
197 1675
21 3172
491 39
1190 214
1845 371
372 218
22 988
2451 5335
376 1952
1303 951
79 5366
55 4553
1638 267
217 184
1355 201
1489 2707
352 1460
2544 3422
111 528
1029 2981
254 1144
112 847
1999 660
252 1196
797 103
452 1
92 1
637 6
99 1
119 12
1136 28
1252 15
35 3
1040 12
1668 13
1163 87
149 13
923 94
1310 130
1396 28
753 38
342 67
1417 22
512 20
798 58
1015 115
90 35
1088 41
421 46
1505 44
1206 481
195 80
748 420
973 35
389 321
2274 153
35 28
43 79
828 21
484 418
900 450
1986 62
979 9
2447 12
1269 687
414 57
2100 68
1675 925
691 157
218 225
247 188
83 168
840 46
453 1060
1477 24
849 867
139 1155
582 1517
469 419
634 818
1752 137
114 1266
278 66
976 780
714 766
1282 1161
268 2075
156 264
886 2387
33 34
408 43
572 1935
594 3537
280 586
21 2399
713 1382
1002 333
451 1525
85 2399
106 197
2048 57
526 1097
408 4132
47 914
244 4106
915 2419
2375 478
829 519
1489 3234
896 2512
605 242
1133 2236
1777 2131
1841 918
871 510
323 2292
81 1222
89 3390
143 2922
2615 360
216 2828
851 2422
61 2231
1006 3238
399 1
584 2
470 7
204 11
348 22
1628 24
281 17
1533 26
254 31
1167 10
585 10
759 24
672 1
621 28
1082 20
766 8
2052 209
1686 115
925 102
806 337
4 74
1384 36
355 15
860 28
890 43
49 119
42 16
1184 269
890 90
466 365
2023 223
595 54
1423 247
75 14
82 148
165 73
74 436
48 840
457 256
2622 96
449 1085
351 276
1354 57
619 305
501 1629
668 194
1466 670
110 608
801 87
608 153
322 381
752 849
393 1348
2047 115
322 1138
318 1626
2204 1332
905 699
638 398
113 36
876 3588
552 744
221 535
556 1607
406 1148
754 2719
288 1603
8 729
1008 399
61 247
950 197
152 1104
198 106
1096 2139
748 4156
347 216
705 1155
328 365
819 4444
721 2869
60 436
1077 2991
70 121
87 4687
548 11
2159 1736
1069 1197
158 1398
1343 310
26 1025
387 850
323 737
2328 4891
324 3993
722 428
868 6314
1818 1654
99 2514
234 2468
370 1
476 1
1115 3
1478 7
440 1
1326 14
1668 35
498 5
373 17
879 38
585 8
109 74
1702 109
391 42
1619 174
747 8
416 152
525 2
2 114
1573 188
1339 266
1020 62
476 29
219 310
1469 44
1167 142
1325 434
608 175
31 53
956 37
233 126
76 778
327 53
890 659
3003 128
1545 299
154 80
390 236
168 234
160 87
269 700
870 1085
1032 284
184 1507
1048 265
264 296
2226 67
1556 95
1371 1029
270 767
98 1108
38 52
936 840
1017 1914
498 1026
993 280
163 871
890 594
331 1171
568 200
3 438
307 1515
1284 1195
2784 1797
260 2515
1473 608
455 2008
48 122
2880 2917
277 1667
1456 668
261 919
78 1373
1030 2652
494 220
243 2550
761 2845
2523 1650
210 1861
679 3719
254 1723
88 4184
714 622
843 135
976 4124
823 2306
24 984
344 879
1844 2501
222 655
1751 253
2447 659
497 4431
1196 44
318 81
739 363
287 4709
26 1023
670 3830
299 1
1600 2
1384 1
246 1
1112 12
934 11
658 1
79 2
639 57
857 59
790 75
213 10
26 10
224 72
15 28
1517 31
835 3
492 109
912 15
2644 11
19 3
432 136
274 31
481 11
918 58
283 160
461 143
927 467
906 247
1410 409
200 103
757 4
945 109
276 634
925 100
73 106
13 133
1484 435
1330 43
193 106
2113 2
2403 13
651 512
489 136
679 688
255 135
567 881
875 666
1400 87
1211 531
1446 341
315 2125
782 1625
1810 1543
1079 2523
1768 351
2892 618
381 1146
1083 299
3002 174
2090 17
110 1314
1578 554
1297 798
21 1419
200 1165
722 157
266 1269
59 616
9 1902
2313 44
360 52
2616 469
231 511
2343 3609
575 68
331 1921
5 519
392 552
417 1672
347 4898
223 836
326 364
744 1666
1673 1077
1302 426
697 6447
712 69
676 4853
278 1357
144 1122
18 1617
2677 2468
806 1346
2299 1877
1547 3913
1262 4227
25 2144
926 1337
1952 1
760 2
690 3
3051 12
210 22
783 15
180 22
105 23
1715 60
503 33
845 69
1023 2
62 2
158 53
65 43
193 34
984 4
72 154
674 32
1309 296
185 268
1643 91
1149 148
257 125
491 39
284 582
809 133
688 454
1330 180
844 188
87 40
1095 266
1157 22
780 905
2 506
2023 44
289 331
1536 910
1178 1473
590 559
105 99
1794 127
160 503
81 115
970 1194
1165 44
1501 874
733 951
1635 140
188 1711
519 22
1384 49
572 8
1513 18
1106 478
310 410
76 1499
1111 482
128 561
89 2038
1474 332
1084 879
653 1147
547 1645
504 3242
1616 95
174 1162
612 1282
1698 184
111 638
2194 128
791 487
1215 870
1219 4200
1889 915
220 45
555 159
2558 27
1689 1143
109 2949
607 511
732 1266
1651 82
570 1921
817 387
135 1940
279 1695
410 2532
515 1840
525 1153
2376 4684
387 6642
1382 4752
77 3266
1317 203
2119 3957
1230 2524
3 871
1146 772
1184 1
134 3
777 2
1321 4
1849 13
1910 7
1916 10
805 14
236 30
884 11
1171 65
500 3
880 115
185 14
135 93
18 104
812 70
193 145
210 78
703 47
2550 141
2279 92
3041 97
999 194
1626 112
112 16
2360 32
944 25
56 72
113 497
244 459
1934 89
104 91
950 660
2118 234
423 245
1580 120
70 314
1469 11
274 598
255 695
350 759
106 330
2044 6
657 307
36 731
777 743
2680 22
276 89
749 332
327 536
741 85
274 417
1709 89
1022 248
335 1876
314 529
272 767
1407 206
797 1359
703 1074
2893 1918
1951 1227
832 1317
254 709
95 1179
139 606
280 171
882 31
1506 421
111 3258
751 1318
221 136
160 314
84 2831
1316 3577
46 155
951 3934
660 2348
1011 69
574 4483
1905 1040
1321 2153
1756 1175
180 2163
423 2751
2860 2949
133 36
2002 1451
1459 1604
144 3692
617 430
63 5004
510 6
1042 1687
685 364
1558 778
85 731
102 309
726 1
833 1
441 3
217 1
394 11
23 10
88 3
1750 48
797 18
1649 22
908 43
440 63
755 92
358 47
337 12
130 127
1770 78
1584 75
423 103
19 142
680 60
266 74
28 7
275 21
635 87
862 569
2127 74
2158 45
45 253
984 718
466 209
432 36
1423 235
145 1015
1142 639
17 1
134 299
574 395
703 480
1100 745
6 360
3170 864
3000 50
1499 959
743 902
38 435
1243 634
901 27
683 19
1855 37
405 385
3 213
354 846
540 1672
587 111
755 333
1619 526
536 170
455 541
1577 1845
485 685
1894 820
962 1463
736 1995
725 473
417 191
2532 4
795 93
700 73
1279 757
2323 99
634 1379
481 10
1577 1865
239 425
300 3313
174 2339
424 1637
1520 1626
463 569
36 2695
927 125
217 296
1588 2681
409 1678
2478 751
2806 1636
402 1439
196 2862
694 1977
1134 5253
895 957
2304 21
107 5100
2252 2006
516 749
1018 956
1769 110
413 337
1186 1
438 3
2575 1
945 5
177 18
231 4
50 12
66 8
216 17
469 20
2559 48
3334 62
146 13
1312 16
82 113
181 97
600 20
1342 23
1779 121
747 153
1301 73
1433 285
26 291
1199 432
330 14
2275 6
274 125
306 60
30 404
1218 178
497 479
2509 349
155 888
1025 217
934 162
2186 62
1369 508
867 48
1709 528
183 90
41 251
1729 58
813 884
1785 488
170 513
368 695
2102 325
1718 1029
159 38
951 375
494 643
80 1427
82 912
742 772
656 2201
627 1332
102 2804
1022 234
395 325
1897 322
76 773
239 1374
17 120
1833 76
405 270
2932 223
2722 1477
121 3272
1018 66
1210 98
1061 119
1596 1428
349 1947
1695 149
566 1430
150 2199
1501 2674
204 1049
2152 4071
180 878
321 1109
81 1165
1096 678
2906 5272
914 127
3199 308
141 1674
561 2080
1217 1552
3254 430
516 4183
675 818
2084 3903
2455 5966
483 611
835 344
650 66
1484 2625
1372 152
2148 1
3003 2
950 4
117 12
1768 14
535 13
934 7
418 17
124 26
2189 48
30 10
1669 14
67 94
948 75
1362 214
1646 71
1526 13
1082 29
2599 268
118 18
892 2
3045 154
1086 167
1458 29
2475 69
1099 283
1622 537
2861 143
3512 179
370 79
1697 176
1538 165
645 424
788 241
667 101
163 837
1580 651
548 36
126 357
421 84
107 53
1441 75
2326 248
56 806
42 647
1785 50
1182 3
1484 845
947 151
2254 588
636 93
193 1690
654 1033
1080 1224
309 69
33 521
183 51
596 1010
210 2
92 1842
771 2198
1794 1096
1619 570
891 407
277 917
1253 318
231 425
2247 1032
478 130
2692 2174
430 481
45 211
26 1286
929 822
917 3931
1420 401
1285 1159
806 358
1442 5071
590 4123
28 1554
2459 327
814 633
2532 826
1558 2178
44 6405
14 135
1981 4340
250 6158
164 2379
203 691
3346 4349
1144 5717
1320 1126
373 534
475 287
1944 109
2233 88
441 1913
648 1
622 1
32 8
503 4
56 3
419 25
1235 30
2319 8
434 3
354 8
1044 36
2692 35
1433 26
107 11
109 111
696 16
40 270
22 71
364 5
2551 28
482 292
1145 108
3174 478
327 354
56 55
674 177
1707 53
12 119
2358 184
1116 715
212 215
1385 342
362 58
103 45
225 53
805 299
968 1191
453 85
1523 14
680 417
121 67
1380 267
3047 809
3215 568
604 179
102 6
2448 17
269 503
582 1713
2311 648
882 490
39 1883
1528 42
1401 822
1280 86
120 1084
98 104
698 819
113 1696
1953 2649
2244 447
2246 246
1609 1235
403 100
164 964
981 391
53 3
1257 1780
1325 1682
1365 3257
124 1423
3632 8
3336 3810
553 2574
2167 1450
444 728
508 1369
573 2435
432 281
2443 601
1637 3187
1691 1010
261 6010
139 729
511 2668
181 1090
947 444
2215 656
1756 292
2097 2195
2012 2686
135 1507
982 2620
381 3142
19 4549
1109 1554
141 618
9 2014
267 2216
12 1
3207 1
385 3
606 2
952 7
1315 4
1145 6
988 24
2267 14
25 13
104 92
753 38
2 27
1328 153
2253 37
985 50
944 77
343 184
775 221
879 22
903 15
2202 228
2442 115
2590 55
654 290
969 410
1886 178
480 220
1721 104
744 81
324 369
79 217
679 10
1352 467
1013 16
163 379
48 101
2293 1171
323 431
777 1457
127 114
638 126
827 338
3362 1645
1484 31
655 572
2363 251
1914 120
928 1902
239 340
415 181
2466 725
173 130
514 1369
687 72
445 292
445 136
2333 59
1241 1734
404 206
1381 815
1455 1203
313 110
674 1095
2639 774
1135 839
1738 2972
926 1288
1 1
817 2095
1620 1485
30 137
613 1061
96 1341
958 800
125 5039
1491 797
490 1691
2540 2094
1320 3846
621 111
683 172
3090 159
955 1380
554 903
1499 2617
1156 2428
2883 5535
219 984
2118 2718
2473 873
230 3175
81 105
2478 1501
485 5773
541 215
2315 3219
412 4140
475 860
1349 1
632 4
379 4
974 2
809 6
428 8
2201 17
1816 14
570 31
408 31
467 32
1959 37
489 28
791 7
1527 44
54 101
119 46
2661 32
877 25
51 101
1926 45
1068 42
2406 320
242 136
28 1
1273 218
604 104
955 142
1361 299
23 263
541 136
259 63
546 953
1259 285
893 184
750 313
902 1130
1131 264
1578 160
79 261
718 170
135 135
1337 214
1350 50
1123 255
1277 1512
26 1550
403 12
1506 110
2688 235
1742 993
2123 888
641 436
19 219
331 782
82 230
3615 581
592 1358
511 479
619 562
957 442
197 3624
567 1590
518 309
462 140
243 821
102 3937
80 2174
751 2657
2584 184
490 2341
1644 1355
191 1788
2489 1399
952 1476
369 2110
1061 465
927 2580
157 280
784 4334
2546 1503
25 707
156 3538
324 63
2145 1906
1835 805
291 1215
489 1108
1515 2975
285 1820
1287 2484
878 2348
2814 538
1872 6799
979 1386
2519 4083
2031 2641
31 4511
1289 3514
597 1
1715 3
1160 7
223 2
836 1
966 15
1645 2
2934 36
252 14
1082 67
28 62
39 27
102 31
3025 137
677 74
3066 24
1640 95
409 9
1684 133
1080 256
1333 51
1768 284
1256 99
45 184
1264 66
1940 248
406 272
1176 4
1891 636
1183 593
1200 4
2537 536
200 874
2649 127
697 863
1307 776
147 605
2649 22
3156 115
225 700
2624 708
276 293
52 86
360 1649
91 1035
1088 356
1266 82
994 164
2797 874
3746 25
813 106
1037 176
12 895
3681 1507
602 1770
118 368
1145 2577
2166 193
2114 842
345 1007
30 373
458 1994
1961 526
58 450
3571 80
2070 1048
1413 489
3342 3869
331 2692
642 448
145 1105
910 349
826 207
864 3289
909 956
473 329
2181 1588
739 1513
226 663
3120 13
1676 216
683 4048
1950 795
522 4464
2273 1757
591 255
1445 1725
2079 4879
1578 6107
953 4485
1937 153
50 3318
1022 1697
1327 2288
1019 1996
16 152
478 6349
679 4148
1270 6738
648 1
2279 1
1054 1
88 2
2005 2
1595 10
2452 27
1844 35
117 1
1864 39
37 60
2663 18
353 60
271 3
162 215
53 4
2214 14
3705 69
1281 54
2385 129
34 338
457 80
137 146
2457 21
622 48
540 72
1495 265
1098 141
1082 244
2411 28
813 25
469 62
1837 208
544 188
1121 2
3190 144
2418 73
1615 155
839 516
469 928
2339 347
501 884
221 14
2822 202
1220 985
367 1029
3851 428
1743 1103
491 787
877 1758
323 50
1343 205
62 18
98 286
656 50
267 708
2776 115
706 1394
2538 417
157 528
375 1089
426 1313
710 680
362 1205
1044 347
722 26
527 140
1651 941
3055 116
350 1608
1010 680
27 325
84 481
285 1141
204 424
1136 2886
1163 1944
149 1040
1789 2906
142 1566
415 1854
436 814
2885 1810
1292 345
2797 1895
649 331
2400 967
131 1933
1825 7010
281 939
559 86
4101 2638
1959 809
1620 645
65 226
706 245
1600 589
41 6402
2188 483
60 1
790 1
683 3
342 5
84 18
212 4
222 1
8 32
2099 33
2840 29
2056 6
381 19
1612 63
524 76
1302 55
3221 32
1918 88
522 2
2581 27
162 198
3277 215
2591 384
1853 150
3180 97
353 145
442 541
2471 420
117 319
590 89
980 313
1248 98
1335 273
2200 219
129 245
880 970
363 788
1127 1
719 640
78 411
1050 929
1483 845
30 63
858 62
675 777
1188 825
383 91
2624 890
20 81
1087 520
1152 82
186 735
426 1388
1154 514
386 1220
747 228
869 838
2978 220
1178 2055
2723 262
1236 1143
3613 21
177 939
1538 2197
1337 154
845 101
1618 62
478 528
1357 193
230 951
1685 3809
1111 575
3764 388
81 1262
265 329
8 1094
251 539
2526 845
1051 2035
727 171
1278 1100
2576 636
476 849
2610 2103
333 583
3048 5851
1012 2809
708 380
1384 63
659 983
374 1593
1894 1793
74 1992
120 567
1777 95
662 7070
1781 3983
1079 580
334 247
2169 548
262 1
1549 1
1360 8
3 5
212 17
1084 6
1384 11
458 16
79 27
911 9
2820 18
1704 30
244 77
1126 64
1095 57
242 47
3005 156
3743 223
2547 246
342 86
109 136
2906 199
2532 115
141 93
172 305
2421 66
834 95
2350 371
492 680
1913 144
2156 740
425 112
2646 829
168 38
394 21
394 43
2556 841
2106 617
1808 253
188 165
1719 122
3329 302
2303 321
51 815
1905 643
2858 852
2407 59
102 791
683 920
634 948
2692 140
249 1250
194 1207
1921 166
139 34
475 581
227 6
1530 826
879 62
2699 282
184 257
1389 1270
283 41
15 234
44 2718
694 434
642 300
1855 1469
548 1952
2319 4512
2406 1077
2557 1813
2329 2117
2334 1314
597 78
1386 33
9 150
1095 2954
474 191
3119 5266
597 4435
3847 1724
394 3664
374 2610
2872 872
734 3715
2162 879
1677 284
333 3166
2901 4301
1491 2321
1108 1859
3427 3442
1059 599
414 1667
77 152
1485 1609
2813 1771
1222 3089
247 1
66 2
1884 3
4186 2
305 7
1037 30
2484 32
144 3
794 25
66 60
1472 23
81 68
2068 66
220 35
404 83
1455 18
189 245
504 127
3181 301
2169 7
446 47
636 26
1635 28
207 396
696 188
2140 134
2393 408
1063 120
1485 93
1533 325
348 249
3994 421
594 252
1911 168
123 445
454 266
1159 6
359 697
809 310
1432 244
1425 1185
1321 1397
377 608
234 26
1492 426
3451 456
2096 263
3012 300
701 1264
1226 1243
3179 16
3009 1881
2498 610
1038 107
816 6
233 1480
34 129
610 451
969 1588
1706 307
304 2618
746 1666
1613 850
815 1343
1300 137
63 1626
2402 2120
1578 76
463 1314
1329 30
124 398
3595 381
84 69
392 4443
57 4404
1770 1945
571 1820
1245 3273
68 1359
333 812
82 2134
807 1345
139 1574
711 85
1056 196
844 137
600 835
415 7423
2456 1348
931 2584
626 2821
118 262
2578 3144
2768 14
14 536
1193 591
247 181
483 4284
1768 3615
576 1
536 1
430 2
540 8
193 2
52 16
365 18
1408 10
637 59
665 36
1833 11
38 14
847 12
1740 152
1076 111
3320 118
194 73
928 153
2463 80
410 238
437 19
1274 42
4666 271
205 166
203 54
511 188
553 35
1078 183
1728 552
133 752
1276 231
987 121
2161 283
83 152
538 284
113 368
207 120
471 798
4224 440
1009 74
651 12
1971 417
2144 1265
2230 1015
1985 1135
445 679
632 434
1523 1151
261 1927
1609 273
2680 568
362 1484
1779 28
142 130
1453 346
667 2562
495 1148
2797 511
1131 177
607 1055
6 92
689 2400
2019 178
1267 386
260 2285
1985 3191
1704 3054
679 1608
1706 978
2313 237
17 94
203 1670
960 15
397 349
743 199
1448 418
415 2547
99 882
3426 1717
2055 308
2140 782
457 5125
4010 4235
1921 149
279 986
1967 85
4567 27
538 119
2117 2363
155 1160
118 424
196 1140
2703 1690
2011 1554
2106 6389
127 97
3741 838
923 4925
52 1039
4981 1
777 1
2211 4
1100 3
535 5
3846 13
1688 38
213 4
4735 23
551 10
448 11
68 105
19 7
91 27
1157 4
937 52
268 94
3792 278
3201 58
1955 189
2199 56
199 31
621 150
120 61
479 54
2277 429
1265 82
668 58
788 363
641 97
509 151
2700 209
14 289
4446 144
2033 555
1436 828
2206 1096
2684 17
202 14
2333 383
3680 1143
894 897
281 666
2625 696
476 87
2747 724
403 27
266 1044
937 153
1677 364
827 1327
1734 136
937 401
904 158
129 14
673 2334
557 985
80 888
1960 1800
1638 1315
56 1615
231 671
3209 272
4510 3
54 1243
2 2060
1510 801
34 212
318 1335
1452 601
1200 1658
3044 2430
1279 3004
309 2425
967 583
1805 2718
261 454
1731 545
886 2733
121 191
1408 835
1420 4815
4000 157
415 3755
141 4863
189 61
414 2400
1826 4
2295 4994
232 968
3098 2109
557 3225
399 53
1136 490
513 1437
4712 4756
58 4273
3283 5639
463 1573
1298 1
202 3
153 1
1439 16
821 1
1116 1
1214 6
976 8
3700 8
54 48
160 3
1339 5
848 38
798 7
1074 6
170 5
382 59
1264 98
819 272
2598 24
3012 51
1065 39
2631 220
1357 89
2362 105
274 331
297 30
177 328
1011 77
2158 22
389 7
3494 181
4422 210
2386 238
109 402
2375 42
574 828
545 54
3192 556
993 857
1518 81
479 389
814 51
1931 248
178 190
3425 603
350 26
836 361
304 1382
3628 1126
1856 1330
3119 1355
231 108
973 23
199 55
2507 374
2549 155
87 248
2754 1181
236 285
1312 427
183 540
805 3755
1911 1135
117 538
1806 300
768 2542
804 1203
1640 257
319 247
1742 1723
808 4121
269 1811
916 173
905 180
1877 589
3975 1071
906 272
582 125
2431 382
565 3290
147 6150
1163 2893
94 3812
1547 1035
97 637
180 588
816 2075
217 4860
788 43
4761 1429
713 2371
113 6423
922 1356
106 99
62 3572
3434 3407
79 552
1328 1373
1139 1
3342 1
1571 4
757 9
801 20
440 10
504 20
3579 12
1793 4
2510 5
1033 54
1716 7
1269 51
557 113
2082 146
41 98
545 83
3671 107
342 100
579 97
1262 42
1141 37
15 217
26 300
1770 81
854 240
1168 294
322 268
378 398
359 347
2256 30
1010 165
1524 51
3113 798
1016 132
2126 253
888 151
2985 569
260 179
422 688
4621 666
295 191
2085 1212
459 113
2014 1278
208 52
3608 547
1839 237
2170 687
13 903
270 948
428 379
1004 952
1402 2516
1512 1770
1194 819
3964 240
3089 84
102 46
4328 2731
559 1167
52 971
3100 953
3111 1623
1783 116
915 450
1827 2815
1686 2857
1503 434
541 1755
225 2473
185 388
666 19
2246 367
611 783
675 383
453 912
3047 727
1837 314
999 711
38 4
624 2507
1857 99
1120 3417
1721 2058
1 3249
482 2306
2550 219
908 1788
86 1634
1699 554
1874 1908
1410 1659
1250 6864
298 864
505 3028
242 1452
1821 304
134 394
4288 1
4031 4
1179 3
1766 2
1273 23
50 9
2114 1
156 22
2086 50
655 64
1033 68
188 29
372 34
1493 85
1312 22
1458 46
2 22
2784 186
636 6
200 37
108 41
1070 359
3586 281
2154 246
750 149
3268 377
179 268
1582 49
2071 75
417 34
24 137
246 8
30 609
693 328
3779 137
416 761
1555 61
1003 399
1320 9
2291 295
2296 165
986 1129
2250 84
2134 1005
984 75
165 449
2800 77
506 648
1560 733
2254 189
407 564
1227 331
636 1554
250 1801
1501 813
4852 1109
1456 187
1645 682
3886 782
244 1883
1919 74
30 617
1458 64
1602 425
876 2415
1608 4070
1941 1013
3400 1268
1047 1608
2915 2573
2968 1372
766 16
234 269
4857 111
2457 4090
537 118
1488 3100
322 2842
3366 3098
696 4212
205 2611
1958 1442
3164 3633
97 2546
1522 6525
214 792
644 1503
1945 42
2011 2296
693 312
1076 4308
755 713
797 364
4046 2754
649 253
669 543
360 69
1 4504
1586 1227
4665 1
74 2
672 2
418 4
4552 5
4235 1
2311 29
976 14
371 35
2127 10
1649 38
3048 92
915 35
2582 111
14 34
1316 44
649 26
781 36
1942 156
2795 3
2836 47
1195 170
1115 41
1628 57
3467 174
74 99
335 11
1166 92
1986 166
142 88
1370 317
264 552
843 408
371 140
816 401
1371 785
1900 328
1325 77
44 692
3056 475
4053 138
26 828
711 1043
1239 531
4152 1765
1192 100
1510 646
447 221
2034 39
1387 2288
2283 948
1520 236
881 1681
241 1
2984 431
1015 1227
2825 824
5544 14
2305 1184
3340 219
561 104
4880 1114
726 211
2749 636
30 1573
3026 2125
160 126
1253 304
3982 834
3934 1270
705 516
770 1666
3602 284
800 105
1541 83
2288 381
2240 90
138 560
3892 4110
1910 881
1124 669
135 186
363 1617
2669 821
1503 1058
29 394
1072 83
488 257
3134 35
911 2759
3240 196
3194 1079
3577 80
1402 280
1349 303
52 132
1424 271
146 1970
571 398
682 1
34 4
3249 2
295 1
2313 10
667 15
1090 10
538 19
1615 15
1555 53
769 1
1976 22
716 47
623 51
213 10
1569 31
2975 35
1564 63
295 13
706 65
1874 10
304 424
639 233
1419 74
520 10
54 164
3338 114
1 3
249 416
1519 443
1121 184
204 82
1064 558
35 575
1916 165
1808 877
241 429
24 448
929 188
1527 1339
1230 178
1242 200
155 176
195 384
1625 37
389 501
1551 804
1992 1301
1023 2044
415 650
1918 491
857 192
83 216
682 20
157 1808
4822 2164
1391 578
52 2979
699 2893
3892 87
152 570
90 658
650 1903
3 92
1738 234
1048 232
2208 96
94 2001
438 944
3241 878
51 467
1980 2603
2073 62
1912 134
159 353
3694 2121
1093 2511
32 876
1735 518
2711 208
2258 2987
884 473
2609 339
388 206
264 15
1038 454
2592 797
676 2633
2107 45
200 5292
3376 417
1116 852
1915 4287
47 59
2773 865
813 4843
37 3372
269 287
2905 6504
875 1
50 2
225 9
974 1
2147 13
5597 7
2634 8
2269 7
528 37
1046 52
886 8
1004 49
2669 5
960 7
2256 26
929 158
1345 1
903 74
554 113
1484 55
3672 27
404 226
1387 49
3764 40
68 126
3780 77
113 616
645 494
301 57
1915 170
737 148
1534 71
395 205
1910 89
1474 310
552 386
618 167
571 247
3234 192
1458 682
2031 64
177 290
2219 267
1780 1081
1907 519
659 297
441 171
662 362
105 524
804 434
1147 153
930 190
3779 2038
2440 883
2664 172
772 38
2012 623
3220 294
2702 2186
3750 133
1390 193
308 401
1306 7
3643 1682
551 55
234 217
2932 1308
2556 226
2558 463
347 1101
869 3583
406 493
2403 738
821 766
63 1287
3611 324
1436 84
458 5346
962 247
613 62
2558 328
2525 2915
138 45
79 639
3503 1624
5236 884
2462 4298
3222 2557
571 14
150 4681
5852 686
142 1044
353 90
846 2962
77 54
2409 3831
391 2253
505 1584
1204 1797
426 1
411 2
1272 7
2206 3
113 15
3153 4
3173 16
574 6
425 42
2677 10
3325 5
2536 30
369 116
1359 67
1300 61
49 39
74 25
708 156
1736 144
929 62
416 19
160 117
196 65
816 391
1403 91
115 205
20 11
413 332
467 2
1801 37
1224 152
2397 62
2475 505
1272 308
161 289
314 107
5137 12
967 123
1853 255
420 72
857 326
1399 806
194 347
1217 468
3536 507
3618 560
3512 2177
675 179
48 1425
1100 585
830 621
3032 557
666 2239
418 537
2046 1348
90 893
74 157
3528 894
4694 396
3335 161
2553 33
1126 1287
1052 2786
4362 244
592 499
51 999
713 4236
2990 263
1098 344
252 60
2251 838
2839 661
1176 3196
383 459
388 2994
1417 3936
5509 856
1726 56
1446 282
1375 972
1931 2597
297 1563
3853 1473
2886 576
473 748
2448 104
3167 1510
74 1040
4330 2446
373 1165
71 890
1529 4283
195 2310
599 3150
2283 801
334 1098
1438 4865
1708 984
425 2203
2700 1
451 1
1022 1
2197 5
2409 2
2076 11
215 2
282 22
8 60
1698 4
3674 17
1364 23
469 26
1014 89
2176 24
312 17
437 17
1112 32
781 4
331 213
241 55
489 358
97 154
887 53
1061 160
131 121
1317 129
384 486
1316 46
2 629
2004 156
700 288
2468 360
1492 266
3425 87
60 78
4467 10
5376 696
3390 274
269 1046
108 1037
1137 184
842 418
58 636
605 31
5618 30
715 978
153 1341
1624 223
1272 1305
335 630
2029 1860
954 2038
967 978
5469 2106
951 602
706 2705
519 1535
240 747
181 455
3123 275
707 192
1019 2595
1947 174
977 2569
892 229
601 1531
1803 990
1426 120
544 406
1201 748
3543 1077
3948 1786
3028 1353
3979 1762
277 19
312 585
590 2346
1104 1076
412 1166
1061 54
3627 3081
21 2383
2842 435
1056 1098
4308 762
3561 4855
112 5042
503 39
1599 3996
2186 2642
141 6817
1340 2388
1922 3219
1575 123
1175 4997
736 1336
1607 6032
1330 3110
3281 1
2144 1
89 2
111 1
2125 3
180 3
51 22
1984 11
1024 6
3072 47
927 52
1889 18
365 61
112 130
436 20
791 41
1275 129
2697 18
2036 10
645 3
4246 29
8 5
531 251
1643 184
7 90
1187 38
2137 69
2622 207
4089 84
251 101
5495 21
4472 185
4731 440
1513 324
2687 14
2903 691
616 119
184 2
400 181
4800 822
817 1296
2303 31
5878 881
1719 1176
198 1344
1619 234
1586 68
3574 528
20 192
566 283
203 1871
2400 65
863 1366
66 574
1529 1476
894 886
4 144
341 682
2569 725
3086 1023
1523 2159
423 733
895 393
1766 1707
2495 29
951 1358
304 326
2899 1816
2995 42
1001 3102
194 2958
79 565
925 2812
180 719
98 2475
5293 1249
2648 560
422 102
1831 1008
1695 5311
23 811
3339 121
2306 767
240 2165
449 16
1562 1860
1095 201
911 1379
38 698
724 4782
108 6026
121 1797
907 456
2515 56
33 5867
899 5225
164 6505
297 3413
261 221
1940 1
191 3
799 5
5906 1
812 3
4315 5
2771 19
142 11
3126 30
1829 7
1024 50
856 20
80 25
2254 2
627 45
159 55
2810 46
284 135
384 112
1624 131
707 368
713 265
219 51
680 432
1940 379
760 331
3413 651
4271 46
4782 6
2272 418
1205 137
5042 151
1565 284
396 90
3457 38
625 141
1588 725
534 336
400 64
445 1089
1234 68
293 68
1242 552
2311 174
1719 857
139 1592
484 126
644 280
4677 106
2550 372
267 296
224 279
2115 1374
328 934
150 52
2029 5
3896 417
1012 2271
4180 2780
1624 183
4042 81
2583 1147
308 2651
1101 562
2045 939
5715 262
87 1219
4795 2097
4975 206
439 1959
40 1311
708 984
2630 1033
5104 143
1160 2439
193 332
3786 3692
2090 606
3890 1486
324 260
4435 219
3489 876
2579 63
1688 1557
141 6032
314 987
26 1161
4450 27
3807 4910
137 927
431 1407
522 138
3542 2915
2950 1959
715 847
971 151
1478 952
1317 1733
1552 40
912 1
3363 2
5180 4
2932 2
2349 10
2271 10
105 3
316 2
4101 3
3423 2
361 12
1416 20
4060 4
129 68
16 24
897 3
53 7
287 210
94 37
504 311
703 249
1516 1
204 452
1629 31
171 38
709 282
309 92
18 69
468 358
372 551
1335 187
1415 39
1494 283
3152 369
1609 425
1397 112
273 320
31 168
2803 87
102 268
3270 132
3509 283
2787 926
210 66
313 28
114 758
5066 919
4689 393
239 251
3986 86
184 300
2983 649
291 347
278 239
2014 88
3675 2431
644 2405
4547 5
379 102
1102 137
3173 1515
1812 269
369 49
2284 1109
1854 12
2024 1621
4082 952
178 26
1972 472
2582 38
1416 2203
622 687
1924 1448
328 428
404 314
1165 1970
4262 410
3127 1340
1613 2595
648 232
2284 1231
2843 2857
125 2235
661 5588
7 23
6051 2757
1364 124
786 5065
5387 5402
4680 230
1107 4620
1107 649
75 85
3630 6697
1886 7630
6000 2824
5078 4589
2589 3654
1688 1503
1448 1
5363 2
291 3
890 8
285 1
905 23
45 11
2816 9
4157 34
223 15
239 19
495 39
4396 11
389 29
747 10
5 71
1732 124
3689 47
167 2
694 165
2492 314
423 121
2678 248
2872 17
4185 18
1463 282
3278 16
328 5
3202 190
1830 508
636 589
1576 90
1350 102
884 427
2618 389
1010 106
1103 669
2902 678
622 622
137 810
23 241
1357 15
479 724
3236 114
1987 1501
1045 1585
482 373
127 12
2719 914
96 264
2702 605
199 2041
1283 1340
1368 2114
1635 584
926 6
3329 2848
2299 19
1905 63
2275 604
5244 57
1814 2636
1303 255
97 2255
1862 711
30 425
2042 1673
542 595
2360 236
1566 1175
5233 947
518 2684
1891 756
878 46
422 326
3802 338
5040 1612
476 3510
2756 775
1199 703
266 2176
620 2843
183 6302
4909 1438
1691 6374
1982 2584
2205 1880
1673 3467
4028 2263
2590 2425
285 1506
100 363
799 523
3164 409
497 4928
237 1796
2113 1872
375 925
164 4210
115 1
427 2
1467 8
6853 2
764 5
65 5
188 20
1405 1
3518 14
2932 20
1366 5
82 28
388 99
700 74
1314 60
1525 47
4508 53
640 41
2791 68
444 305
1350 8
3917 43
834 24
451 152
2269 223
4663 49
2501 548
1993 342
2239 144
5230 62
2642 201
228 637
2402 172
4150 26
298 375
5589 243
64 25
2886 478
71 135
4192 58
759 117
127 494
1036 139
2037 584
4282 2
617 66
1357 433
3956 1010
755 30
680 583
317 712
1075 928
334 773
3512 686
2315 287
2569 525
3550 923
2508 517
510 1083
315 28
1163 2471
249 1297
369 166
3164 642
1275 1366
32 58
3132 789
178 589
335 217
715 1075
1311 210
74 156
2811 209
347 314
956 2
1286 1004
4824 2535
146 1109
2482 80
2811 36
768 1699
2263 1138
1975 1245
5086 879
638 1169
647 995
2903 643
2045 5
346 3211
3092 3408
4328 5178
3063 1757
250 1642
590 387
2612 37
104 4342
1134 606
1195 812
663 385
1023 1
2186 4
3841 2
829 12
3990 10
493 2
945 25
49 8
2630 11
108 33
851 15
1211 5
4856 14
118 175
1618 8
1205 15
2191 216
217 9
927 60
223 181
895 119
1381 45
5491 165
3683 202
3719 212
836 157
13 232
3990 139
1956 101
91 1
4358 90
1145 36
323 811
2650 587
1951 183
100 82
50 182
2011 38
752 16
690 215
119 719
3406 201
1423 357
395 255
81 28
470 30
3213 496
41 83
5409 376
20 350
832 1829
3849 454
1208 1011
386 821
225 537
5732 5
1720 580
136 605
10 36
515 1108
1664 1858
2014 1464
313 169
3878 799
374 1510
121 174
6161 3810
4081 277
837 923
755 650
341 80
217 1180
3900 476
5026 1469
3920 1860
3251 1435
79 155
1272 2226
3025 1422
1648 780
360 3164
1457 452
372 663
2373 629
3257 90
1662 580
1749 1504
324 4306
2017 1883
1992 4299
526 1133
2479 649
3667 2605
1386 6581
5701 1579
4388 480
116 48
526 6676
11 2267
3173 1
1352 4
535 2
3373 4
135 3
2395 15
433 7
4655 39
873 11
3264 15
260 10
249 87
680 21
1480 7
235 12
2885 23
1243 36
1456 72
2327 204
2118 61
43 79
1004 475
1529 22
694 94
49 257
1408 35
950 357
943 9
187 594
436 185
1268 871
1898 5
1254 483
3211 54
379 340
213 38
3553 94
1232 190
3445 369
7314 310
3883 172
119 519
2237 48
4184 574
5309 336
3111 39
6331 1839
941 85
5682 2236
821 203
1717 52
2583 2630
636 641
322 1535
99 53
1568 926
1172 1294
1339 613
874 1713
3646 452
140 1231
5086 135
2945 131
3112 764
2261 2689
490 2512
1679 2853
241 256
4213 42
1660 373
3623 373
3694 508
1915 5133
1445 3239
4092 2179
2154 149
252 3239
2561 1628
6329 674
44 1706
496 1542
18 1950
1673 1258
5722 3600
2019 21
718 415
1313 1891
856 3673
334 167
153 446
3223 206
2375 882
402 1816
1352 3562
4639 718
1632 6357
3310 84
716 125
2101 3195
108 1
600 1
1342 6
818 1
3438 3
1955 7
1661 5
385 5
4688 17
588 75
2716 19
48 11
501 12
67 17
999 85
2204 71
3827 76
4012 150
890 89
25 111
2843 12
291 27
1921 11
5590 66
2135 253
3778 131
447 543
1856 39
3196 608
965 477
3573 27
468 158
1753 295
3237 30
1351 192
3276 455
126 539
926 1244
3131 663
2702 944
1483 721
268 166
842 734
1748 1084
5896 891
597 52
4633 1608
954 622
532 244
5607 1123
5894 998
6303 2407
459 764
3247 19
5146 665
3839 1768
2989 9
556 54
1692 18
4423 1
190 207
1217 74
2618 1239
4723 997
3913 1894
268 1066
46 692
3666 536
427 1384
68 1702
380 1207
254 402
510 1927
1886 2825
616 629
2532 56
6447 1826
1443 16
1123 1830
133 366
3213 449
2568 1369
209 40
536 855
670 671
1678 167
4793 744
456 3452
4462 995
2799 17
3375 5985
3382 1371
6086 395
5076 6351
496 5400
897 4392
2589 4161
615 1678
470 4250
2777 1
436 4
1148 1
5486 2
2073 1
2201 3
3611 15
2469 7
144 70
3905 68
137 58
1712 82
2823 1
4138 44
491 106
236 129
3132 45
3805 244
112 15
1170 24
4574 3
2704 252
540 503
284 25
75 342
1523 86
812 224
277 19
3210 40
3055 189
6075 8
3046 348
747 633
5189 5
2896 212
4927 244
855 788
2772 50
960 606
159 336
5770 197
5198 124
5279 11
429 55
4345 985
2504 689
3803 497
3804 14
1446 578
1110 588
4492 1609
311 249
5746 16
2105 139
52 235
5336 464
310 72
438 837
772 1610
1563 42
1872 487
3684 587
897 186
1017 70
657 2914
5705 47
1327 2128
1019 2806
821 1811
5572 1693
1768 44
2756 644
1392 883
28 300
1255 754
5062 318
829 682
4510 3287
7104 2096
703 1227
7 2341
388 860
1691 177
938 148
405 3261
330 2070
899 473
5354 5806
51 5371
3891 4163
304 2878
2037 2217
214 43
950 1170
109 1547
1756 5677
3078 1011
824 3577
1187 191
2910 1
127 1
2388 3
676 2
3925 9
373 21
4417 42
897 16
266 7
2393 18
2715 74
1165 12
2182 37
5104 83
482 7
211 14
6183 160
4037 110
3224 63
517 33
908 19
1658 90
761 300
6177 36
2270 304
193 180
5043 97
428 252
820 171
1306 36
1181 269
3399 513
6642 382
95 35
291 239
253 834
714 221
509 541
263 119
1585 1177
2427 500
268 265
1252 74
6469 394
3586 795
4679 556
3411 1270
2718 797
1124 351
3526 273
500 766
1456 238
117 640
917 68
609 2119
4805 1581
1706 2789
3391 2705
6200 265
4836 960
5257 190
2687 364
4478 706
670 3446
854 96
5718 532
1740 221
3202 3165
1049 2715
2019 1785
3791 2879
10 77
2585 760
775 2102
463 754
4388 197
3992 1528
3273 15
454 4211
1612 1217
236 3518
1921 6088
4681 1277
581 1557
2179 5287
524 2467
738 453
854 169
5215 2542
3850 492
174 149
2277 2298
788 5402
3311 711
504 485
294 1374
23 7587
4196 4261
4779 1887
4083 1
2292 1
296 3
5995 7
28 5
329 13
1324 7
7027 8
2333 8
2047 28
773 45
944 16
93 34
3411 33
1480 107
925 4
514 162
7477 67
1453 212
2502 40
2006 38
133 27
502 275
633 12
299 16
6161 15
2827 264
3401 144
143 58
231 330
487 313
3106 777
578 736
489 336
2298 393
5643 265
5520 276
109 514
3193 57
3715 426
36 91
2276 1452
251 544
660 121
5390 630
257 462
1881 397
550 762
3385 1160
61 180
685 955
2799 905
3564 79
3336 315
399 1576
2908 849
1338 552
320 219
372 506
5500 978
3704 1127
4096 133
4902 430
4744 2536
2097 1077
214 398
441 2369
252 3175
809 7
1630 1547
574 1583
182 168
84 3154
5837 2434
2488 2339
5298 715
661 852
4488 1065
129 639
3855 2892
5357 895
5751 1939
6057 72
4747 4626
2443 1490
1544 1758
1234 6098
3881 5771
6734 603
507 1003
3758 317
864 6801
5259 4030
4027 1182
253 524
2301 321
5241 1215
2087 66
2449 64
1102 1
4544 1
164 6
495 1
1687 1
370 11
5352 29
1206 6
6351 18
3743 10
969 14
630 64
470 33
1013 82
1603 69
90 16
4194 27
1152 142
646 143
379 23
2576 217
483 332
2354 212
1205 21
5550 199
305 51
2526 361
3643 422
2536 210
310 95
1141 150
1832 51
379 549
992 850
4152 697
1635 51
4194 705
43 444
1644 340
79 712
2918 15
1422 543
2096 1060
2290 38
3847 675
3633 367
1199 58
6016 735
1958 954
656 562
50 2082
959 867
1622 354
136 189
3407 1914
2048 2202
7725 389
128 812
3350 59
4167 1339
2031 1354
86 18
1627 680
4381 1786
1016 492
662 1215
5102 1221
2946 1473
3057 408
404 1943
173 332
4934 200
2352 195
3790 847
161 1897
2188 2718
2400 1879
180 257
2031 3341
35 3683
113 284
3044 566
1078 1266
3 548
1677 157
1078 2309
607 4842
5490 3341
1185 693
4099 1268
5197 405
1256 5256
12 674
4545 2059
101 4110
215 313
4900 398
1580 2874
542 488
97 1
1686 1
1978 6
663 3
1608 14
906 23
353 5
603 42
1396 5
917 14
711 54
4804 88
462 89
3296 4
2498 109
2824 96
2202 223
1178 22
3254 98
143 13
5343 65
507 8
4544 64
177 487
394 150
5334 72
1485 423
6118 34
5664 255
5165 702
429 76
3888 212
2931 166
1978 720
2452 419
5516 301
2304 312
5509 201
980 329
1771 485
574 904
2512 125
4569 1269
5992 636
271 101
1665 879
760 366
1217 539
2160 266
4868 682
3450 10
1050 844
1109 419
7616 223
434 489
1387 2104
3882 504
552 2280
3730 338
7179 1241
5380 1809
2975 1934
6042 1387
5242 1215
2360 3545
2758 2301
5067 4374
225 1174
428 948
257 77
3508 909
1265 922
1680 277
784 496
2644 1241
247 3323
7765 1249
1846 3796
3381 2253
4654 1967
2145 810
417 1216
776 3816
1291 4851
895 762
628 2533
336 2308
3188 844
752 574
5365 2339
6632 668
3534 1132
1629 6120
717 1553
681 339
572 423
1723 4232
56 1809
2647 9282
211 1
517 3
22 1
1157 11
4464 1
74 1
527 22
3128 5
4167 1
63 30
866 9
5681 14
447 8
5574 53
657 42
945 49
807 18
318 38
1198 264
1036 16
23 57
2113 97
3376 3
2059 373
1252 5
3114 88
2085 118
2988 604
5027 172
1682 513
512 316
543 53
2213 135
1741 82
1771 206
1031 171
158 48
302 14
685 914
1836 737
160 291
1930 750
718 2
75 13
5405 242
3 60
1748 694
534 934
923 14
507 485
191 439
1666 1100
4774 725
2780 443
457 1433
178 1100
5392 327
1288 1534
6785 676
3683 1227
692 1056
65 197
2193 818
2222 565
3799 140
1727 773
495 613
2872 2805
2132 2170
269 225
3931 2804
1346 860
3391 1058
2196 1708
107 4045
969 837
317 1458
4621 625
66 884
2491 2131
2901 1123
3544 1939
2314 4526
2824 1095
3300 3898
2030 5335
2237 4241
2333 1638
34 1243
7 6183
117 265
1008 3585
2899 1412
469 6456
4816 3366
324 1031
5611 1036
379 1729
288 115
340 1
4088 1
1306 2
3938 2
891 8
212 20
165 5
4189 16
993 34
2037 4
2059 84
3359 30
693 64
2464 28
1784 25
2571 25
1090 11
4042 46
757 186
89 50
1013 125
371 195
6176 197
4422 227
2994 239
488 3
4932 38
161 519
1373 692
745 306
1222 50
4965 163
1533 559
220 238
209 382
2071 305
3614 94
815 5
1827 411
3566 131
431 364
464 419
2075 862
7340 742
43 1
1266 708
4632 465
112 479
1541 546
269 117
3696 8
75 141
2408 501
2803 387
2574 571
2683 312
5814 48
5334 941
3411 434
4094 901
5960 35
1442 373
1523 2103
1244 1666
4225 1744
1016 1130
367 324
73 1092
1900 500
2368 166
477 3645
6997 2888
2528 197
2423 4372
48 1329
949 591
2863 2018
1582 5876
2212 1798
4860 700
759 532
2131 1379
1719 1157
1443 2525
31 1092
2517 575
1997 288
2207 4964
4958 699
3590 49
35 4249
5523 1889
548 124
7897 225
167 5074
1685 105
2228 1247
4456 1001
2782 3196
2965 1
1722 1
166 8
2930 6
1618 2
402 18
219 7
999 5
1092 14
3670 15
572 40
724 82
2063 20
4304 6
2747 52
1242 58
2135 67
2702 13
4577 200
1696 81
4660 126
2179 20
4068 306
1476 44
2468 117
3858 350
764 43
8505 61
6542 204
3393 387
538 215
144 138
5459 751
537 815
7233 129
2260 83
2940 130
34 303
67 589
1107 1
533 71
4935 1132
36 126
1788 554
1071 603
406 199
4022 39
3463 703
6805 1447
1728 1138
1143 295
390 98
4339 837
360 756
7223 721
1539 1508
1549 1814
1919 254
433 293
6759 768
949 29
422 2537
750 76
948 131
763 1269
685 1707
6779 5
1596 138
1283 1594
4096 1375
3078 687
651 284
3894 232
8542 134
1774 200
558 2635
1344 1375
1585 4005
1505 3879
955 1557
3807 798
3571 5952
162 4833
807 2029
1499 89
6920 62
4926 5442
674 28
7662 3039
174 849
3710 3425
87 47
8832 7246
354 6079
3371 6
3433 6571
1743 3372
118 5367
451 761
192 1
2501 1
2423 2
213 1
2289 25
5905 6
249 16
1468 4
1 17
1090 80
558 1
2987 24
238 17
6298 59
6216 182
25 86
4568 227
198 12
650 82
221 38
463 180
1725 30
1267 171
1069 155
697 2
5068 224
3636 23
184 333
81 592
1691 136
1132 236
155 40
36 53
2586 43
6259 411
1548 199
2004 340
91 139
227 783
866 1330
2277 223
183 118
695 407
1587 1773
5915 1260
945 1050
735 945
721 7
2205 429
159 585
5628 1646
256 326
1879 910
4279 83
1600 67
3363 429
207 250
676 1492
4554 1104
2532 1741
3039 1135
2339 778
4627 796
92 1486
2985 3213
22 543
316 142
542 244
3367 110
721 2552
952 3497
465 1085
489 2251
3431 4063
2006 928
664 23
275 2638
8007 948
3976 397
7895 2170
344 1432
248 1260
446 611
920 2028
2579 1494
8 416
397 575
4655 1847
1453 4043
1434 3154
224 2323
837 2702
314 1165
6979 247
9 78
3712 209
715 1622
7768 61
2770 2318
4358 1
5754 2
1505 3
4142 3
355 3
2456 14
21 1
562 8
3590 4
1116 81
483 3
4554 44
23 106
1392 36
339 19
1317 136
531 266
1566 4
5296 129
1491 115
6469 111
2122 9
216 191
533 401
3145 73
3643 161
4769 10
157 108
4123 297
234 35
9006 177
190 924
283 328
8774 9
1959 315
1733 986
420 14
5703 660
4918 250
269 648
5451 551
5170 24
6950 575
1401 559
890 938
1612 376
744 707
4017 740
1383 874
2437 490
456 967
4893 259
1673 684
57 757
258 637
670 517
8087 454
55 49
1627 1158
2723 741
4330 275
4114 654
4822 540
2164 1596
6072 2261
901 267
1229 1605
4977 735
187 107
28 14
1215 698
3393 298
5302 2211
1342 639
392 259
82 212
4192 2664
6006 921
1224 249
1529 55
69 2647
418 3336
4093 263
2355 98
4167 3618
3901 4061
1795 1604
1388 753
1979 560
4080 4593
613 2282
33 4300
346 8367
2311 495
229 282
1282 2271
1114 583
441 7159
137 3861
197 1
2213 1
2154 6
5237 10
375 8
4536 11
56 36
7341 31
2032 53
6156 42
2169 25
1027 111
405 16
1858 72
182 67
3548 115
521 109
1694 11
1936 204
180 8
5418 32
2419 176
5725 191
4747 51
3130 336
1182 229
955 103
1393 69
1672 191
129 171
955 163
542 90
69 162
17 202
5143 308
3139 59
145 279
3900 1043
1359 405
285 1341
2286 270
3026 633
1897 377
1943 313
4739 22
246 669
5040 78
116 887
4368 1307
505 315
216 32
6503 14
4428 1116
517 752
2670 194
1071 878
1042 3052
1066 722
135 674
2747 684
4385 80
8341 1350
953 1294
192 514
110 1850
3214 9
1086 1331
4966 801
173 1656
1512 573
754 180
1317 3415
536 1392
1366 3476
4734 1221
1596 867
402 263
6927 295
4226 919
2792 201
4784 360
125 3007
1092 4
67 1426
613 3470
1779 6417
2771 73
3454 829
4829 2393
2829 1544
4069 2918
4190 2475
6548 5348
317 659
1543 48
17 422
3688 3729
7431 4283
622 3697
4519 1
414 4
1745 4
86 8
1983 1
1458 1
1570 1
4639 6
4529 7
1458 4
6506 68
1663 41
3470 13
2216 6
258 21
938 27
3375 97
3534 219
4465 56
1818 203
633 78
8271 19
934 41
120 447
1946 256
2617 110
2839 112
663 194
270 23
2468 283
2147 329
3306 68
4915 97
3476 535
6887 8
4304 129
1351 220
1128 257
360 490
449 1106
3982 324
3171 384
9 344
3277 1273
5193 182
1708 668
1124 752
149 213
4564 2187
6132 359
683 326
22 713
1456 105
1253 408
155 357
530 879
7912 165
3292 764
2803 1852
7386 333
3760 131
2 2164
2678 742
1724 1178
846 228
3013 102
2221 3448
960 2401
5781 3261
7292 1089
1293 1998
817 653
6380 39
3076 1325
7866 2807
385 3094
6207 65
6843 485
4514 907
4378 538
5201 489
914 19
5681 1335
1008 3176
1985 4174
3352 2792
1836 362
1272 4673
1173 1616
4270 3828
7112 115
73 376
621 821
671 619
1244 4221
2953 2477
5794 752
5417 4168
5934 242
